SiteID,STime,H12p5,H15p8,H20,H25,H31p5,H40,H50,H63,H80,H100,H125,H160,H200,H250,H315,H400,H500,H630,H800,H1000,H1250,H1600,H2000,H2500,H3150,H4000,H5000,H6300,H8000,H10000,H12500,H16000,H20000,dbA,dbC,dbF,Voltage,WindSpeed,WindDir,TempIns,TempOut,Humidity,INVID,INSID,GChar1,GChar2,GChar3,AdjustmentsApplied,CalibrationAdjustment,GPSTimeAdjustment,GainAdjustment,Status
GLBABART,2020-02-17 17:00:00,0,0,0,21.4,20,14.6,18.3,15.8,17.7,17.4,16,16.3,17.1,16.7,14.6,13,13.4,13.5,13.4,13.1,13.4,13.9,14.1,14.2,15.2,16.5,17.5,17.6,18.2,18.7,19.1,20,0,13.0067999347071,27.6307799136966,0,0,0,0,0,0,0,0,0,0,V12_noChunk,0,0,0,GMT,0,0
GLBABART,2020-02-17 17:00:01,0,0,0,22.3,18.9,20,18,16.9,14.2,15.3,16.6,15.8,17.9,17.1,16,14.3,13,13.1,12.1,13.4,14.2,13.9,14.1,14.5,15.4,16.6,17.4,17.6,18.4,18.6,19.1,19.8,0,13.0990872214497,27.7230672004393,0,0,0,0,0,0,0,0,0,0,V12_noChunk,0,0,0,GMT,0,0
GLBABART,2020-02-17 17:00:02,0,0,0,20.4,18.2,20.9,15.6,17,17.7,14.8,15.5,17.6,17.9,15.8,14.1,12.9,13.3,12.9,12.5,13.5,13.6,13.7,13.5,14.5,14.9,16.4,17.5,17.8,18.2,18.4,19.2,19.9,0,12.9319293117257,27.5559092907153,0,0,0,0,0,0,0,0,0,0,V12_noChunk,0,0,0,GMT,0,0
GLBABART,2020-02-17 17:00:03,0,0,0,17.9,18.5,21.5,20.9,19.2,16.8,14.6,18.1,16.1,15.5,16.3,13.5,13.9,13.4,13.3,12.3,13.1,14,14.4,14.5,14.5,15.3,16.6,17.4,17.4,18.3,18.6,19,19.9,0,13.0487114938154,27.6726914728049,0,0,0,0,0,0,0,0,0,0,V12_noChunk,0,0,0,GMT,0,0
GLBABART,2020-02-17 17:00:04,0,0,0,20.6,21.3,17.2,16.1,14.8,13.1,15.6,13.5,16.5,17.3,16.8,15.7,12.3,13.6,11.7,13.3,13.2,12.8,13.4,14.1,14.2,15.7,16.3,17.2,17.7,18.1,18.6,19,20.1,0,12.927142607194,27.5511225861835,0,0,0,0,0,0,0,0,0,0,V12_noChunk,0,0,0,GMT,0,0
GLBABART,2020-02-17 17:00:05,0,0,0,20.4,23.8,18.5,16.7,18.7,18.8,16.5,17.6,16.1,18.1,17.2,15.6,13.2,13.1,12.9,12.9,13.5,13.2,13,13.6,14.4,15.7,16.2,17.3,18,18.4,18.6,18.9,20,0,12.9962685889731,27.6202485679626,0,0,0,0,0,0,0,0,0,0,V12_noChunk,0,0,0,GMT,0,0
GLBABART,2020-02-17 17:00:06,0,0,0,16.6,16.4,17.7,16.5,14.9,16.7,16.1,16.6,16.1,13.3,16.6,14.9,14,13.5,14.4,13.5,13.2,13,13.7,13.6,14,15.1,16.4,17.3,17.7,18.5,18.6,19.2,19.9,0,12.9735948226074,27.5975748015969,0,0,0,0,0,0,0,0,0,0,V12_noChunk,0,0,0,GMT,0,0
GLBABART,2020-02-17 17:00:07,0,0,0,18.8,16.5,18.7,17.2,19.5,17.7,16.1,14.6,14.8,17.1,16.2,15.7,13.8,13.1,13.7,12.9,12.8,13.3,13.3,13.8,14.3,15.1,16.1,16.9,17.6,18.6,18.7,18.9,19.8,0,12.8677871883676,27.4917671673572,0,0,0,0,0,0,0,0,0,0,V12_noChunk,0,0,0,GMT,0,0
GLBABART,2020-02-17 17:00:08,0,0,0,22.6,21.5,19.2,19,17.9,15.9,17.6,16.4,16.7,16.9,14.9,15.8,13.3,13,14.2,13.7,13,12.6,13.4,13.6,14.4,15.5,16.2,17.4,17.8,18.3,18.4,19,20,0,12.9488851529049,27.5728651318944,0,0,0,0,0,0,0,0,0,0,V12_noChunk,0,0,0,GMT,0,0
GLBABART,2020-02-17 17:00:09,0,0,0,18.4,17.3,16.9,17.6,16.7,16.9,15.9,15.5,16,16.4,17,16.2,13.6,13.4,13.6,13.4,12.8,13.3,12.8,14.1,14.5,15.5,16.5,17.3,18.1,18.5,18.7,19,19.8,0,13.0588683318538,27.6828483108434,0,0,0,0,0,0,0,0,0,0,V12_noChunk,0,0,0,GMT,0,0
GLBABART,2020-02-17 17:00:10,0,0,0,20.9,19.6,17,17.6,15.6,16.9,15.8,17.2,16,16.4,14.8,15.6,13.5,13.4,13.1,12.2,13.1,12.6,12.9,13.5,14.2,15,16.5,17.5,17.8,18.4,18.6,19.2,19.9,0,12.8752477621258,27.4992277411153,0,0,0,0,0,0,0,0,0,0,V12_noChunk,0,0,0,GMT,0,0
GLBABART,2020-02-17 17:00:11,0,0,0,19.2,20.5,18.1,16.8,15.7,15.9,17.3,17,14.6,15.4,15.4,15.5,13.3,14.2,12.8,12.8,12.2,13.3,13.4,13.6,14.3,15.2,16.4,17.5,17.8,18.4,18.5,18.9,19.9,0,12.9051551777265,27.529135156716,0,0,0,0,0,0,0,0,0,0,V12_noChunk,0,0,0,GMT,0,0
GLBABART,2020-02-17 17:00:12,0,0,0,18.8,21.8,18.2,14.1,14.6,16.8,15.7,16,15.3,14.5,17.3,16.1,12.8,13.2,12.7,12.2,13.5,13.7,13.7,13.6,14.5,15,16.5,16.9,17.9,18.2,18.5,19.1,19.9,0,12.9047104541979,27.5286904331875,0,0,0,0,0,0,0,0,0,0,V12_noChunk,0,0,0,GMT,0,0
GLBABART,2020-02-17 17:00:13,0,0,0,20.3,23.3,18.8,21.2,16.4,15.4,17.4,15.6,16.3,15.2,16.9,14.8,13.7,12.7,12.9,13.5,13.1,12.5,13.5,13.9,14.5,15.3,16.1,17.3,18.1,18.4,18.6,19.2,20.1,0,12.9654025495253,27.5893825285149,0,0,0,0,0,0,0,0,0,0,V12_noChunk,0,0,0,GMT,0,0
GLBABART,2020-02-17 17:00:14,0,0,0,21.4,18.8,15.8,17.9,16,15.3,17.8,16.9,15.2,16.8,16.3,15,14.3,13.5,12.2,13.3,13.2,12.8,13.3,13.8,14.7,15.9,16.2,17.6,18,18.8,18.8,19.1,19.9,0,13.1182720170321,27.7422519960216,0,0,0,0,0,0,0,0,0,0,V12_noChunk,0,0,0,GMT,0,0
GLBABART,2020-02-17 17:00:15,0,0,0,21.6,23.2,19.7,19.8,17.3,18.9,15.8,15.7,16.3,16.6,17.6,14.7,13,13.5,13.2,12.9,13.7,13,13.1,13.7,14.2,15.7,16.6,17.3,17.8,18.5,18.8,19.3,19.9,0,13.0368790173292,27.6608589963188,0,0,0,0,0,0,0,0,0,0,V12_noChunk,0,0,0,GMT,0,0
GLBABART,2020-02-17 17:00:16,0,0,0,17.6,21.7,19,13.5,15.5,17.9,16.6,14.9,15,17.4,16,16,14.6,13.6,14.2,13,13.6,13.1,13.8,14.1,14.6,15.1,16.4,17.2,17.8,18.5,18.6,19,19.7,0,13.0593979248677,27.6833779038573,0,0,0,0,0,0,0,0,0,0,V12_noChunk,0,0,0,GMT,0,0
GLBABART,2020-02-17 17:00:17,0,0,0,22.1,21.2,19.5,15.1,14,15.1,17.5,15.7,16.2,17.1,16,15.6,12.9,13,12.7,12.7,12.9,13.3,13.1,13.8,14.6,15.6,16.6,17.3,18,18.4,18.5,19.4,19.9,0,13.0248055018341,27.6487854808237,0,0,0,0,0,0,0,0,0,0,V12_noChunk,0,0,0,GMT,0,0
GLBABART,2020-02-17 17:00:18,0,0,0,12.4,20.5,13.8,18.3,15.1,17.5,15.3,17.2,15.5,15.4,18,14.6,14,13.5,13,13.4,13.4,12.9,13.4,13.6,14.5,15.5,16.5,17.3,17.7,18.4,18.6,18.9,19.8,0,12.987790666285,27.6117706452745,0,0,0,0,0,0,0,0,0,0,V12_noChunk,0,0,0,GMT,0,0
GLBABART,2020-02-17 17:00:19,0,0,0,19.2,21,17.4,17.2,19,19,15.8,17.5,14.4,14.8,16.4,15.9,13.9,13.9,13.4,12.9,12.8,13.3,13.9,14,14,15.4,16.2,17.1,17.7,18.3,18.8,19.1,19.8,0,12.9555971069966,27.5795770859861,0,0,0,0,0,0,0,0,0,0,V12_noChunk,0,0,0,GMT,0,0
GLBABART,2020-02-17 17:00:20,0,0,0,20.8,22.2,22.4,17.7,18.4,17.3,14.6,16.6,15.3,15,16.4,14.8,12.9,13.8,13.5,13.2,12.8,13.2,13.9,13.8,14.4,15.3,16.7,17,18.1,18.5,18.8,18.8,19.7,0,13.0053832130796,27.6293631920692,0,0,0,0,0,0,0,0,0,0,V12_noChunk,0,0,0,GMT,0,0
GLBABART,2020-02-17 17:00:21,0,0,0,23.5,21.2,18.7,19,14.1,16.9,17.7,16.7,16.4,17.1,18.2,15.7,13.5,13.1,13.1,12.3,13.5,13.8,13.6,13.8,14.3,15.5,16.5,17.6,17.7,18.3,18.5,19.1,20,0,13.0518590687145,27.675839047704,0,0,0,0,0,0,0,0,0,0,V12_noChunk,0,0,0,GMT,0,0
GLBABART,2020-02-17 17:00:22,0,0,0,22.8,15.3,20.4,18.8,17.1,16.9,15.7,15.8,14,16.3,16,15.3,14.2,13.1,12.3,13.3,13,13.1,13.5,13.7,13.9,15.4,16.4,17.6,17.6,18.6,18.5,19.1,19.9,0,12.9488364203789,27.5728163993684,0,0,0,0,0,0,0,0,0,0,V12_noChunk,0,0,0,GMT,0,0
GLBABART,2020-02-17 17:00:23,0,0,0,23.5,20.6,21.3,17.3,14,14.2,15.6,14.4,17.5,15.1,16.2,15.6,13.2,13.7,13.2,12.9,13.6,13,13.6,13.9,14.8,15.1,16.4,17.2,17.7,18.3,18.5,18.9,19.8,0,12.9566344444342,27.5806144234238,0,0,0,0,0,0,0,0,0,0,V12_noChunk,0,0,0,GMT,0,0
GLBABART,2020-02-17 17:00:24,0,0,0,22.7,22.3,19.6,18.6,16.4,16.5,16,16.7,16.6,17.5,16.4,16.1,13.1,12.8,12.9,13.4,12.8,13.1,13.1,14,14.5,15.5,16.7,17.3,17.8,18.5,18.4,19,19.8,0,13.0043071497441,27.6282871287337,0,0,0,0,0,0,0,0,0,0,V12_noChunk,0,0,0,GMT,0,0
GLBABART,2020-02-17 17:00:25,0,0,0,20.2,18.9,16.8,17.1,17.9,15.8,18,16.3,15.9,16.6,17.2,16.6,13.1,13.4,13.1,12.9,13.3,13.4,13.4,14.1,14.2,15.8,16.6,17.4,18,18.5,18.4,18.8,19.9,0,13.085323016488,27.7093029954776,0,0,0,0,0,0,0,0,0,0,V12_noChunk,0,0,0,GMT,0,0
GLBABART,2020-02-17 17:00:26,0,0,0,19.3,21,20.3,16.6,17.8,17.2,15.8,17.7,15.8,14.9,17.3,15.2,13.3,12.8,13.1,13.6,12.5,13.1,13.2,13.8,14.7,15.5,16.4,17.3,17.8,18.1,18.5,19.1,19.8,0,12.9453300219911,27.5693100009806,0,0,0,0,0,0,0,0,0,0,V12_noChunk,0,0,0,GMT,0,0
GLBABART,2020-02-17 17:00:27,0,0,0,19.8,23.2,23.3,15,18.9,15,18.5,16.1,16,16.1,16.4,14.3,13.8,13.1,12.3,12.6,12.4,12.2,12.7,13.7,14.5,15.7,16.3,17.5,17.7,18.4,18.7,19.1,20,0,12.8801948170853,27.5041747960749,0,0,0,0,0,0,0,0,0,0,V12_noChunk,0,0,0,GMT,0,0
GLBABART,2020-02-17 17:00:28,0,0,0,22.1,20.8,19.9,19,16,19.3,16.2,15.9,15.2,17.5,17.4,15.8,13.1,12.8,12.9,13.1,12.4,13,12.9,13.9,14.3,15.1,16.4,17.1,17.9,18.3,18.5,19.1,20.1,0,12.8846950816229,27.5086750606125,0,0,0,0,0,0,0,0,0,0,V12_noChunk,0,0,0,GMT,0,0
GLBABART,2020-02-17 17:00:29,0,0,0,20.3,23.6,18.8,16.5,19,15.3,15.9,15.5,16.8,17.8,16.9,15,12.4,13.3,12.4,12.8,12.2,12.5,13.7,13.2,14.4,15.2,16.2,17.4,17.6,18.4,18.4,19.1,19.9,0,12.8261939296392,27.4501739086287,0,0,0,0,0,0,0,0,0,0,V12_noChunk,0,0,0,GMT,0,0
GLBABART,2020-02-17 17:00:30,0,0,0,21.8,19.5,20,18,17.1,16.6,17,18.7,15.3,16.4,16.1,14.7,13.5,12.8,13.4,12.9,13.7,13.4,13.1,13.9,14.3,15.5,16.4,17.1,17.9,18.3,18.5,19.3,20.1,0,12.990189906173,27.6141698851625,0,0,0,0,0,0,0,0,0,0,V12_noChunk,0,0,0,GMT,0,0
GLBABART,2020-02-17 17:00:31,0,0,0,23.6,23.3,16.5,18,16.9,17.3,16.3,17.7,17,15.7,15.3,16.8,13.7,13,12.1,13.2,12.5,13.3,13.8,13.3,14,15.4,16.7,17.2,17.6,18.2,18.6,19,19.8,0,12.8867759758401,27.5107559548296,0,0,0,0,0,0,0,0,0,0,V12_noChunk,0,0,0,GMT,0,0
GLBABART,2020-02-17 17:00:32,0,0,0,22.3,24.1,15.9,19.3,20,17.3,17,17,15.9,17.1,15.3,14.5,13.8,13.9,13.8,13.6,12.8,13,13.6,14,14.2,15.6,16.4,17.2,17.9,18.3,18.7,19,20,0,13.0127840763604,27.63676405535,0,0,0,0,0,0,0,0,0,0,V12_noChunk,0,0,0,GMT,0,0
GLBABART,2020-02-17 17:00:33,0,0,0,23.6,20,22.1,19.1,18.9,16.9,15.3,15.6,17.7,15.7,17.1,14.7,12.6,12.2,13,12.6,13,12.2,13.3,13.7,14.2,14.6,16.5,17.6,18,18.2,18.7,19.3,20,0,12.8759104341298,27.4998904131193,0,0,0,0,0,0,0,0,0,0,V12_noChunk,0,0,0,GMT,0,0
GLBABART,2020-02-17 17:00:34,0,0,0,23.9,18.9,21.3,16.1,18.5,18.1,15.2,16.5,17.8,16,16.3,15.6,13.5,13.9,13.3,13.2,13.3,13.5,13.4,13.8,14.9,15.2,16.3,17.5,18,18.7,18.6,19,19.8,0,13.0911872725754,27.715167251565,0,0,0,0,0,0,0,0,0,0,V12_noChunk,0,0,0,GMT,0,0
GLBABART,2020-02-17 17:00:35,0,0,0,25.2,19.9,24.5,18.8,18.4,18.2,16.9,15.1,16.8,16.1,16.4,16.9,14,12.3,12.8,12.6,13.8,12.8,13.4,13.6,14,15.5,15.7,17.1,17.8,18.4,18.7,19.1,19.9,0,12.8996820373888,27.5236620163783,0,0,0,0,0,0,0,0,0,0,V12_noChunk,0,0,0,GMT,0,0
GLBABART,2020-02-17 17:00:36,0,0,0,24.9,21.9,20.3,15.3,16.3,18.2,18.4,17.4,17.9,16.5,17.9,14.6,13.7,12.2,13,12.3,13.1,12.6,13.3,14,14.4,15.3,16.5,17.3,17.6,18.6,18.6,19,19.7,0,12.9270629272545,27.5510429062441,0,0,0,0,0,0,0,0,0,0,V12_noChunk,0,0,0,GMT,0,0
GLBABART,2020-02-17 17:00:37,0,0,0,23.3,26.2,18.5,20.7,18.4,17.8,16.7,18.4,14.5,16.9,17.5,15.9,12.9,13.2,12.9,12.6,13.1,13,13.2,13.5,14.7,15.4,16.4,17,18.2,18.6,18.5,19.1,19.9,0,12.9900566163409,27.6140365953305,0,0,0,0,0,0,0,0,0,0,V12_noChunk,0,0,0,GMT,0,0
GLBABART,2020-02-17 17:00:38,0,0,0,18.9,25,21.8,15.3,18,19.4,19.2,19,15.5,18.2,18.2,14.3,13.2,12.1,13.5,12.6,12.4,13.4,13.5,14,14.5,15.7,16.4,17,17.5,18.3,18.7,19.2,19.9,0,12.9658040071797,27.5897839861693,0,0,0,0,0,0,0,0,0,0,V12_noChunk,0,0,0,GMT,0,0
GLBABART,2020-02-17 17:00:39,0,0,0,19.7,24.9,19.5,16.9,15.3,17.3,19.1,18.8,17.9,17.8,17.5,15.4,13,13.3,12.5,13.4,13.3,13.7,12.7,13.9,14.6,15,16.1,17.6,17.8,18.5,18.6,19.2,19.8,0,13.0022551118736,27.6262350908631,0,0,0,0,0,0,0,0,0,0,V12_noChunk,0,0,0,GMT,0,0
GLBABART,2020-02-17 17:00:40,0,0,0,25.3,22.9,21.4,18.5,19.4,18.8,16.9,18.6,18.6,17.3,17.7,16.4,12.4,13.2,13.6,12.8,13.2,13,13.8,13.8,14.4,15.4,16.1,17.2,17.6,18.2,18.7,18.9,19.8,0,12.9425411343213,27.5665211133109,0,0,0,0,0,0,0,0,0,0,V12_noChunk,0,0,0,GMT,0,0
GLBABART,2020-02-17 17:00:41,0,0,0,26.1,20.8,20.8,19.2,16.7,16.2,18.8,21.5,17.9,18.2,17.6,14.6,13.9,14.2,13.6,13.4,13.6,13.1,13.1,13.5,14.3,15.3,16.5,17.5,18,18.4,18.3,19,19.8,0,13.0663973560086,27.6903773349982,0,0,0,0,0,0,0,0,0,0,V12_noChunk,0,0,0,GMT,0,0
GLBABART,2020-02-17 17:00:42,0,0,0,28.6,26.6,27.8,21.3,21.5,21.9,21.1,19.8,17.6,17.7,16.3,15.7,13.9,13.3,13.3,13,13.1,12.8,14,13.7,14.2,15.5,16.6,17.1,17.9,18.3,18.5,19.5,19.9,0,13.0477927650399,27.6717727440295,0,0,0,0,0,0,0,0,0,0,V12_noChunk,0,0,0,GMT,0,0
GLBABART,2020-02-17 17:00:43,0,0,0,25.3,23.9,19.1,21.1,17.6,17.9,23.1,19.4,19.3,18.6,17.8,16.6,13.6,13.9,12.9,13.3,13.8,13.1,13.6,13.6,14.3,15.6,16.6,17.1,17.8,18.3,18.6,19.1,19.8,0,13.1136291784683,27.7376091574579,0,0,0,0,0,0,0,0,0,0,V12_noChunk,0,0,0,GMT,0,0
GLBABART,2020-02-17 17:00:44,0,0,0,22.8,25.3,20,18.7,19.7,20.2,20.7,16.9,19,17.8,16.8,14.9,13.6,13.2,13.6,13.8,13.3,13.4,13.4,13.6,14.4,15.4,16.2,17,17.8,18.5,18.7,19,20,0,13.0052816485525,27.629261627542,0,0,0,0,0,0,0,0,0,0,V12_noChunk,0,0,0,GMT,0,0
GLBABART,2020-02-17 17:00:45,0,0,0,28.8,22.7,21.1,19.6,13.6,19.8,20.3,17,17.9,19.5,17.5,15.4,13.1,13.8,13.6,13.2,13.2,13.8,13.6,13.6,13.9,15,16.5,17.3,18,18.5,18.5,19.1,19.8,0,13.0553630593013,27.6793430382909,0,0,0,0,0,0,0,0,0,0,V12_noChunk,0,0,0,GMT,0,0
GLBABART,2020-02-17 17:00:46,0,0,0,24.6,27.4,18.5,21.3,23,18.9,21.5,18.5,19.9,17.5,17.1,15.3,13.6,14.2,12.4,12.6,12.6,13.2,13.2,14.1,14.6,15.2,16.8,17.3,18.1,18.3,18.7,19.1,20,0,13.0864755581296,27.7104555371192,0,0,0,0,0,0,0,0,0,0,V12_noChunk,0,0,0,GMT,0,0
GLBABART,2020-02-17 17:00:47,0,0,0,24.3,20.9,25,20.1,20.4,20.4,18.7,18.7,18.1,18.5,16.5,16.8,13.1,14.3,13.5,13,12.7,12.7,12.8,13.2,14.7,15.2,16.7,17,17.7,18.6,18.4,18.8,19.8,0,12.9457965353425,27.5697765143321,0,0,0,0,0,0,0,0,0,0,V12_noChunk,0,0,0,GMT,0,0
GLBABART,2020-02-17 17:00:48,0,0,0,28.7,30.6,22.5,20.4,19.9,20.9,23.3,21.1,18.7,17,19.6,15.4,12.3,13.5,13.5,13.2,13.6,13.1,13.7,13.3,14.8,15.7,16.3,17.4,17.6,18.4,18.7,19.1,19.9,0,13.1384765556617,27.7624565346513,0,0,0,0,0,0,0,0,0,0,V12_noChunk,0,0,0,GMT,0,0
GLBABART,2020-02-17 17:00:49,0,0,0,30.5,17.8,17.8,21.5,19.1,19,25.5,20.8,22.5,17.6,18.1,15.5,12.6,13.6,13.1,13.3,13,13.3,14.1,14.2,14.5,15.6,17,17.1,17.7,18.3,18.6,19.2,19.8,0,13.2070033055731,27.8309832845627,0,0,0,0,0,0,0,0,0,0,V12_noChunk,0,0,0,GMT,0,0
GLBABART,2020-02-17 17:00:50,0,0,0,28.4,27.6,24.3,21.2,20.9,21,26.6,19.5,20.7,18.9,17.5,14.3,13.8,13.9,13.6,13.3,13.1,13.3,13.5,13.9,14.4,15.5,16.9,16.9,17.8,18.3,18.5,19.2,20,0,13.1403783002227,27.7643582792122,0,0,0,0,0,0,0,0,0,0,V12_noChunk,0,0,0,GMT,0,0
GLBABART,2020-02-17 17:00:51,0,0,0,31.4,23.7,23.3,21.7,18.7,15.9,22.6,18.7,20.5,22.7,18.2,16,13,13.6,13.6,12.8,13,13.7,13.7,13.8,14.3,15.4,16.7,17.3,17.7,18.3,18.3,19.2,19.9,0,13.1559687073684,27.779948686358,0,0,0,0,0,0,0,0,0,0,V12_noChunk,0,0,0,GMT,0,0
GLBABART,2020-02-17 17:00:52,0,0,0,26,24.4,21.7,21.9,21.1,25.4,24.9,25.1,26.4,22.2,19,16.1,12.4,14.1,13.1,13.5,12.6,13.1,13.2,13.9,14.4,15.3,16.3,17.2,17.8,18.4,18.6,18.7,20,0,13.2659226949505,27.88990267394,0,0,0,0,0,0,0,0,0,0,V12_noChunk,0,0,0,GMT,0,0
GLBABART,2020-02-17 17:00:53,0,0,0,25.7,29.9,30.3,20.7,19,18.6,27.9,21.6,24.5,22.7,18.7,16.1,13.1,12.9,12.8,12.7,14,13.4,13.2,13.3,14.6,15.4,16.6,17.5,17.5,18.5,18.8,19,19.8,0,13.2700193924292,27.8939993714187,0,0,0,0,0,0,0,0,0,0,V12_noChunk,0,0,0,GMT,0,0
GLBABART,2020-02-17 17:00:54,0,0,0,27,29.1,22.5,20,16.4,21.4,24.1,21,24,20.3,17.8,15.3,13.2,13,13.2,14.1,12.8,12.5,13,13.8,14.2,15.1,16.3,17.5,18.2,18.7,18.6,19.1,19.9,0,13.1500980428659,27.7740780218555,0,0,0,0,0,0,0,0,0,0,V12_noChunk,0,0,0,GMT,0,0
GLBABART,2020-02-17 17:00:55,0,0,0,27.8,19.9,21.1,19.6,17.7,20,23.8,20.3,22.3,21.2,17.5,16.5,14.1,13.7,13.4,13.2,13.9,13.8,13.2,13.6,14.3,15.4,16.6,17.6,18,18.4,18.7,19.1,19.8,0,13.2480012777663,27.8719812567559,0,0,0,0,0,0,0,0,0,0,V12_noChunk,0,0,0,GMT,0,0
GLBABART,2020-02-17 17:00:56,0,0,0,25.9,22.1,21.8,15.7,22.9,21.9,21.7,22.9,23,22.6,17.3,16.5,14.1,14.3,13.5,12.7,14.2,13.4,12.9,14.2,14.8,15.3,16.9,17.6,17.8,18.6,18.6,19.2,20.3,0,13.3844131532248,28.0083931322143,0,0,0,0,0,0,0,0,0,0,V12_noChunk,0,0,0,GMT,0,0
GLBABART,2020-02-17 17:00:57,0,0,0,27,29.6,30.3,20.8,25.2,24.1,23.1,21.3,22.4,22,18.8,16.1,14,13.4,14,13.8,13.5,13.3,14.1,13.9,14.3,15.1,16.3,17.5,17.7,18.6,18.6,19.2,20,0,13.2981041307312,27.9220841097208,0,0,0,0,0,0,0,0,0,0,V12_noChunk,0,0,0,GMT,0,0
GLBABART,2020-02-17 17:00:58,0,0,0,33.7,32,27.1,21.9,20,24.6,22.4,22.8,23.9,20.7,17.9,15.9,14.1,14.5,13.4,12.8,11.9,12.8,13.5,14.2,14.4,15.2,16.4,17.3,17.9,18.4,18.8,19,20,0,13.1720120911831,27.7959920701727,0,0,0,0,0,0,0,0,0,0,V12_noChunk,0,0,0,GMT,0,0
GLBABART,2020-02-17 17:00:59,0,0,0,36.9,38,28.3,25.4,20.4,24.5,25.2,20,26.3,23.7,19.2,16.2,12.7,13.8,13.6,13.1,14,13.7,13.1,13.9,14.4,15.7,16.8,17.3,17.7,18.3,18.7,19,19.9,0,13.4104343392541,28.0344143182437,0,0,0,0,0,0,0,0,0,0,V12_noChunk,0,0,0,GMT,0,0
GLBABART,2020-02-17 17:01:00,0,0,0,34,30,29.6,22.7,24.2,23.6,22.4,22.3,22.9,23.1,20.3,16.1,13,12.8,11.8,13.5,12.9,12.5,13.1,13.5,14.2,15.7,16.2,17.3,17.8,18.5,18.6,19.1,19.9,0,13.1481717220799,27.7721517010694,0,0,0,0,0,0,0,0,0,0,V12_noChunk,0,0,0,GMT,0,0
GLBABART,2020-02-17 17:01:01,0,0,0,24.4,31.3,27.9,23.1,20.3,21.1,20.5,23.3,23.5,22.1,18,15.9,15.4,13.9,13.2,12.5,12.5,13.1,13.6,14,14,15,16.5,17.2,17.7,18.3,18.5,18.9,20,0,13.1238893964993,27.7478693754889,0,0,0,0,0,0,0,0,0,0,V12_noChunk,0,0,0,GMT,0,0
GLBABART,2020-02-17 17:01:02,0,0,0,33.7,31.6,32.8,24.7,18.8,23.3,21.6,23.2,19.4,22.1,19.2,16.7,13.4,14.7,13.9,12.9,12.9,13.8,13.9,13.6,14.6,16,16.4,17.4,17.7,18.4,18.7,18.9,19.8,0,13.2961801680119,27.9201601470015,0,0,0,0,0,0,0,0,0,0,V12_noChunk,0,0,0,GMT,0,0
GLBABART,2020-02-17 17:01:03,0,0,0,30.3,31.4,33,29.3,21.6,25.5,24.4,22.7,22.9,24.9,19,17.6,13.5,12.8,13.1,12.5,13.6,13,13.8,13.9,14.4,15.3,16.5,17.3,17.9,18.3,18.6,19.1,19.9,0,13.3335295050286,27.9575094840182,0,0,0,0,0,0,0,0,0,0,V12_noChunk,0,0,0,GMT,0,0
GLBABART,2020-02-17 17:01:04,0,0,0,30.2,35.9,30.6,19.5,19,23.3,22.5,19.7,20.5,18.7,19,16.8,14.3,14,14.2,11.7,12.7,13.2,13.4,13.8,14.5,15.2,16.4,17.2,17.7,18.4,18.5,19,20,0,13.0828204296953,27.7068004086849,0,0,0,0,0,0,0,0,0,0,V12_noChunk,0,0,0,GMT,0,0
GLBABART,2020-02-17 17:01:05,0,0,0,26.9,28.3,31.1,24.2,18.4,17.9,20.4,21.7,21.3,21,19.7,16.4,12.5,11.5,12.9,12.9,12.6,13.1,14.1,13.4,14.3,15.4,16.2,17.4,17.6,18.4,18.6,19.1,19.9,0,13.0692576529299,27.6932376319195,0,0,0,0,0,0,0,0,0,0,V12_noChunk,0,0,0,GMT,0,0
GLBABART,2020-02-17 17:01:06,0,0,0,27.5,25.9,24.7,21.7,19.3,18.2,23.5,21.9,22.6,21.8,19.9,15.5,13,14.6,12.6,12.9,13.3,13.5,13.6,13.8,14.4,15.2,16.4,17.4,17.5,18.5,18.6,19.1,19.7,0,13.1818644936473,27.8058444726369,0,0,0,0,0,0,0,0,0,0,V12_noChunk,0,0,0,GMT,0,0
GLBABART,2020-02-17 17:01:07,0,0,0,23.7,28.4,24.4,24.1,21.5,18.7,21,23.8,21.6,21.7,17.9,15.9,14.7,13.5,13.1,13,13.5,14.1,13.1,13.7,14.4,15.3,16.2,17.3,17.8,18.6,18.7,19.1,19.9,0,13.2037731965763,27.8277531755659,0,0,0,0,0,0,0,0,0,0,V12_noChunk,0,0,0,GMT,0,0
GLBABART,2020-02-17 17:01:08,0,0,0,27.7,29.5,29.9,23.2,20.7,19.1,25,22.2,23.3,21.3,19.1,16,14.5,14.3,14.1,12.7,12.7,13.9,13.5,13.6,14.5,15.2,16.2,17.1,17.8,18.4,18.8,19,19.7,0,13.191487766314,27.8154677453036,0,0,0,0,0,0,0,0,0,0,V12_noChunk,0,0,0,GMT,0,0
GLBABART,2020-02-17 17:01:09,0,0,0,29.4,37,27.3,26,24,24.4,27.3,23.6,26.7,24.5,21,16,14.3,12.8,13.6,13.1,13.8,13,13,13.6,14.5,15.5,16.1,17.7,17.7,18.4,18.7,19.2,19.8,0,13.4614510642908,28.0854310432803,0,0,0,0,0,0,0,0,0,0,V12_noChunk,0,0,0,GMT,0,0
GLBABART,2020-02-17 17:01:10,0,0,0,31.1,31.7,31.1,27.2,26.1,29.7,31.4,30,25.9,26.3,20.3,15.7,14.3,13.4,12.3,12.8,13,13,13.1,13.3,14.4,15.1,16.3,17.1,17.8,18.6,18.9,19.2,20,0,13.6238154808765,28.247795459866,0,0,0,0,0,0,0,0,0,0,V12_noChunk,0,0,0,GMT,0,0
GLBABART,2020-02-17 17:01:11,0,0,0,25,31.1,32.7,24.3,25,31.6,31.7,32.4,26.1,22.5,20.1,16.6,13.5,13.3,13.1,12.9,13.5,13.4,13.8,13.9,14,15.1,16.4,17.4,17.5,18.3,18.6,19.2,19.8,0,13.68893069051,28.3129106694995,0,0,0,0,0,0,0,0,0,0,V12_noChunk,0,0,0,GMT,0,0
GLBABART,2020-02-17 17:01:12,0,0,0,23.9,28,31.8,24.5,28.2,28.1,25,28.5,22,21.2,19.6,17.4,12.9,13,13.2,13,12.8,13.6,13.6,14.2,14.7,15,16.7,17.3,17.9,18.4,18.7,18.9,19.8,0,13.3853067763712,28.0092867553607,0,0,0,0,0,0,0,0,0,0,V12_noChunk,0,0,0,GMT,0,0
GLBABART,2020-02-17 17:01:13,0,0,0,27.1,29.7,30.6,24.4,20.5,26.6,21.4,26,24,22.5,20.2,15.4,13,14.8,12.8,12.7,13.3,13.5,13.4,13.7,14.7,15.2,16.6,17.3,18.1,18.3,18.5,19,19.7,0,13.3210575988793,27.9450375778689,0,0,0,0,0,0,0,0,0,0,V12_noChunk,0,0,0,GMT,0,0
GLBABART,2020-02-17 17:01:14,0,0,0,28.6,30.2,33.7,23.5,22.7,23.7,22.7,25,23.3,25.9,22.7,17.9,13.4,15.7,16.6,13.4,17.5,14.4,13.4,13.9,14.7,15.9,16.6,17.2,17.7,18.4,18.9,19.2,20,0,14.0066690906138,28.6306490696034,0,0,0,0,0,0,0,0,0,0,V12_noChunk,0,0,0,GMT,0,0
GLBABART,2020-02-17 17:01:15,0,0,0,30.2,33.3,27.9,26.9,22.2,24.1,27.7,29.1,24.3,25.3,20.3,16.5,14.1,13.6,16.4,13.1,16.4,14.4,13.5,13.9,14.1,15.7,16.9,17.5,18.1,18.3,18.6,19.2,19.9,0,13.8973154671615,28.5212954461511,0,0,0,0,0,0,0,0,0,0,V12_noChunk,0,0,0,GMT,0,0
GLBABART,2020-02-17 17:01:16,0,0,0,33.2,31.7,33.2,24.5,22.1,30.2,27.7,27.2,24.5,24.8,20.9,17.7,13.2,13,14,13.4,14.2,14.1,13.4,14.2,14.8,15.6,16.9,17.2,17.7,18.3,18.5,19.3,20.1,0,13.6896234858917,28.3136034648813,0,0,0,0,0,0,0,0,0,0,V12_noChunk,0,0,0,GMT,0,0
GLBABART,2020-02-17 17:01:17,0,0,0,21.7,32.1,30.6,29.4,23.6,30.7,30.5,29.3,26.1,26.4,21.1,18.1,14.4,13.1,13.2,12.3,13.3,12.9,14.3,13.4,14.5,15.3,16.6,17.5,17.7,18.2,18.5,19.1,19.9,0,13.7358550989789,28.3598350779685,0,0,0,0,0,0,0,0,0,0,V12_noChunk,0,0,0,GMT,0,0
GLBABART,2020-02-17 17:01:18,0,0,0,26,27.9,30.5,29.4,22.6,27.8,27.5,27.3,25.3,23.7,20.2,16.2,13.6,13.4,13.2,13.7,13.7,13.1,13.2,13.9,14.6,15.7,16.4,17.7,17.8,18.4,18.6,18.9,20,0,13.5249595912161,28.1489395702057,0,0,0,0,0,0,0,0,0,0,V12_noChunk,0,0,0,GMT,0,0
GLBABART,2020-02-17 17:01:19,0,0,0,25.8,29.8,34.1,26.7,22.7,31,30,27.2,24.5,23.8,19,16.4,13.9,13.6,13.7,13.3,13.6,14.2,13.3,14.1,14.5,15.8,16.8,17.3,17.9,18.4,18.7,19,19.8,0,13.6219643287325,28.245944307722,0,0,0,0,0,0,0,0,0,0,V12_noChunk,0,0,0,GMT,0,0
GLBABART,2020-02-17 17:01:20,0,0,0,26.8,29.2,33.6,27.7,21.9,30.4,31.6,26.8,25.9,23.2,19.1,16.4,14.9,13.9,12.8,12.8,14.5,15.7,14.3,13.8,16.1,22.6,20.9,18.5,19.6,20.7,19.2,19.3,20,0,15.7394519806941,30.3634319596836,0,0,0,0,0,0,0,0,0,0,V12_noChunk,0,0,0,GMT,0,0
GLBABART,2020-02-17 17:01:21,0,0,0,25.7,33.1,31.7,26.5,21.5,24.4,25.1,20,23.8,23.8,22.2,17.4,14,13.7,13.4,12.4,14,15.8,13.5,14.6,15.6,20.1,20.1,18.3,19.7,20.6,19.1,19.1,20,0,15.0413242663867,29.6653042453762,0,0,0,0,0,0,0,0,0,0,V12_noChunk,0,0,0,GMT,0,0
GLBABART,2020-02-17 17:01:22,0,0,0,26.9,25.1,33.2,29.1,18.1,23.2,22.9,22.7,22,23.1,18.8,16.4,13.6,13.2,13.5,13,15.2,15.5,13.8,13.7,15.3,18.4,17.8,18.5,19.2,20.6,19,19,19.8,0,14.3723503549037,28.9963303338933,0,0,0,0,0,0,0,0,0,0,V12_noChunk,0,0,0,GMT,0,0
GLBABART,2020-02-17 17:01:23,0,0,0,26.9,26,24.9,26.4,23.2,25.5,31,29.1,23.9,22.6,21.5,16.7,15.1,13.8,14.7,11.9,13.1,13.4,13.5,13.2,14.5,15.7,16.2,17.1,17.8,18.6,18.6,18.9,19.7,0,13.5208127842132,28.1447927632028,0,0,0,0,0,0,0,0,0,0,V12_noChunk,0,0,0,GMT,0,0
GLBABART,2020-02-17 17:01:24,0,0,0,28.1,26.6,34.2,31.5,22.4,24.9,24.6,24.6,22.5,23.9,18.4,16.9,14.2,14,14,12.8,12.8,13.2,13.6,13.6,14.2,15.3,17,17.4,17.9,18.3,18.6,19.1,19.8,0,13.3522148168262,27.9761947958158,0,0,0,0,0,0,0,0,0,0,V12_noChunk,0,0,0,GMT,0,0
GLBABART,2020-02-17 17:01:25,0,0,0,28.9,27.2,30.5,25.5,25.3,28.5,29,28.3,24.7,24.6,18.6,17,14.6,13.3,13.2,13.3,13.3,13,13.5,13.9,14.5,15.7,16.7,17.3,17.7,18.5,18.6,18.9,20,0,13.5548722937119,28.1788522727014,0,0,0,0,0,0,0,0,0,0,V12_noChunk,0,0,0,GMT,0,0
GLBABART,2020-02-17 17:01:26,0,0,0,25,28.6,33.5,30.4,23.1,25.6,30,26.8,23.1,23.2,22.2,16.2,13.9,13.7,13.4,13.2,13.3,12.9,12.8,13.5,14.7,15.8,16.6,17.5,17.9,18.4,18.7,19,19.8,0,13.4988626004649,28.1228425794545,0,0,0,0,0,0,0,0,0,0,V12_noChunk,0,0,0,GMT,0,0
GLBABART,2020-02-17 17:01:27,0,0,0,26.4,28.8,27.1,29.1,23.1,27.2,30.9,29.2,26.6,24.5,20.9,16.7,13.4,14.6,13.1,13.1,13.4,14.1,13.4,13.6,14.4,15.8,16.6,17.5,17.8,18.4,18.6,19.1,20,0,13.734820935879,28.3588009148686,0,0,0,0,0,0,0,0,0,0,V12_noChunk,0,0,0,GMT,0,0
GLBABART,2020-02-17 17:01:28,0,0,0,23.1,25.3,28.4,27.2,22.8,27.5,23.3,23.7,26,24.6,20.3,17.9,13.7,12.8,12.9,12.9,13.5,14.3,13.3,13.8,14.6,15.7,16.5,17.5,17.7,18.4,18.5,19.3,20,0,13.5218728204681,28.1458527994577,0,0,0,0,0,0,0,0,0,0,V12_noChunk,0,0,0,GMT,0,0
GLBABART,2020-02-17 17:01:29,0,0,0,32.3,27.9,25.6,26.5,23.9,32.6,33.4,29.5,27,24.5,18.7,15.5,13,13.5,13.5,13.6,13.2,13.3,14,13.4,14.2,15.2,16.7,17.2,17.7,18.5,18.6,19,19.8,0,13.705487011914,28.3294669909036,0,0,0,0,0,0,0,0,0,0,V12_noChunk,0,0,0,GMT,0,0
GLBABART,2020-02-17 17:01:30,0,0,0,27,31.7,31.8,30.5,24.8,27.7,30.4,30.3,26.2,25.6,20.1,16.6,12.7,13.1,13.5,12.7,13.3,13.5,13.1,13.7,14.7,15.4,16.6,17.4,17.6,18.4,18.7,19,19.7,0,13.6572743452983,28.2812543242879,0,0,0,0,0,0,0,0,0,0,V12_noChunk,0,0,0,GMT,0,0
GLBABART,2020-02-17 17:01:31,0,0,0,33.5,30.7,32.8,30.8,21.6,30.6,30.7,27.3,25.4,26.4,21.9,17.8,14.5,13.8,12.7,13,13.4,13.5,13.1,13.7,14.3,15.2,16.5,17,17.9,18.4,18.6,19,19.9,0,13.6706691276859,28.2946491066755,0,0,0,0,0,0,0,0,0,0,V12_noChunk,0,0,0,GMT,0,0
GLBABART,2020-02-17 17:01:32,0,0,0,26.8,33.3,28.7,29.8,25.3,26.2,22,25.5,24.8,24.7,20,17.3,14.8,13.6,13.4,12.5,12.9,13,13.2,13.3,14.3,15.2,16.4,17.4,17.9,18.4,18.4,19.1,19.9,0,13.3400206692768,27.9640006482663,0,0,0,0,0,0,0,0,0,0,V12_noChunk,0,0,0,GMT,0,0
GLBABART,2020-02-17 17:01:33,0,0,0,26.3,27.9,29.2,26,19,27.4,33.1,25.7,21.7,22.3,20.6,18.4,13.5,13.1,13.3,14.2,13,12.9,13.9,13.8,14.4,15.5,16.4,17.2,17.5,18.2,18.5,19,20,0,13.4502712058191,28.0742511848087,0,0,0,0,0,0,0,0,0,0,V12_noChunk,0,0,0,GMT,0,0
GLBABART,2020-02-17 17:01:34,0,0,0,23.1,25.6,30.9,26.8,19.9,26.6,28.6,26.9,24,25,20.1,17,13.1,12.9,13.5,12.2,13.8,14.2,13.9,13.5,14.5,15.5,16.5,17.2,17.7,18.8,18.4,19,19.9,0,13.5274727767689,28.1514527557585,0,0,0,0,0,0,0,0,0,0,V12_noChunk,0,0,0,GMT,0,0
GLBABART,2020-02-17 17:01:35,0,0,0,24.6,27.3,30.7,26.4,21.2,28.1,31.5,33.2,25.1,24.7,21.5,18.4,14.1,13.1,13.4,12.9,13.5,13.7,14,14,14,15.5,16.6,17.5,17.8,18.4,18.6,19.2,20,0,13.9312555199698,28.5552354989594,0,0,0,0,0,0,0,0,0,0,V12_noChunk,0,0,0,GMT,0,0
GLBABART,2020-02-17 17:01:36,0,0,0,26.5,25.8,29.4,29.3,22.3,26,28.8,27.2,23.6,27.5,19.8,18.6,13.7,13.9,13.6,12.5,13.8,14.7,13,14,14.5,15.8,17,17.3,17.5,18.3,18.5,19,20,0,13.7423100672774,28.3662900462669,0,0,0,0,0,0,0,0,0,0,V12_noChunk,0,0,0,GMT,0,0
GLBABART,2020-02-17 17:01:37,0,0,0,27.3,27.8,24.6,28.9,23.4,27.7,33,31.3,25.8,24.7,20.6,17.3,13.4,13.9,13.2,13.2,14.4,14.6,13.4,13.8,14.6,15.3,16.7,17.4,17.8,18.2,18.6,19.1,19.6,0,13.8636084661229,28.4875884451125,0,0,0,0,0,0,0,0,0,0,V12_noChunk,0,0,0,GMT,0,0
GLBABART,2020-02-17 17:01:38,0,0,0,28.9,25.7,27.1,24.4,22.7,28.7,32.9,24,23.9,25,20.8,16.6,13.9,13.6,13.3,12.9,13.4,13.4,13.1,13.8,14.5,15.7,16.4,17.5,17.6,18.4,18.5,18.9,20,0,13.5539109032657,28.1778908822553,0,0,0,0,0,0,0,0,0,0,V12_noChunk,0,0,0,GMT,0,0
GLBABART,2020-02-17 17:01:39,0,0,0,26,26,29.8,28.2,19.4,28.2,30.6,27.6,25.1,25,19.5,16.8,15.1,13.5,13.2,13.1,14.1,13.4,13.1,14.3,14.5,15.4,16.3,17.1,17.8,18.6,18.5,19.1,19.9,0,13.592622003332,28.2166019823216,0,0,0,0,0,0,0,0,0,0,V12_noChunk,0,0,0,GMT,0,0
GLBABART,2020-02-17 17:01:40,0,0,0,24.2,25.5,29.9,30,23.4,25.2,31.9,30.3,25,26.7,21.7,17.9,13.4,13.7,12.9,13.1,13.7,13.3,13.7,13.9,14.5,15,16.4,17.2,17.7,18.5,18.5,19.2,19.9,0,13.7779144167196,28.4018943957092,0,0,0,0,0,0,0,0,0,0,V12_noChunk,0,0,0,GMT,0,0
GLBABART,2020-02-17 17:01:41,0,0,0,27.6,22,28.5,31.5,21.9,30.4,34.7,29.6,29.2,28.9,24.6,19,14.1,13.5,12.7,12.3,13.6,13.2,13.9,13.5,14.7,15.6,16.6,17.1,17.9,18.4,18.7,19.1,20,0,14.343309703343,28.9672896823326,0,0,0,0,0,0,0,0,0,0,V12_noChunk,0,0,0,GMT,0,0
GLBABART,2020-02-17 17:01:42,0,0,0,23.9,33,28.8,31.2,22.6,28.2,33.2,27.2,23.9,24.9,20.1,18,14.3,13.1,13.5,13.2,13.3,13.6,13.2,13.3,14.4,15.6,16.6,17.4,17.8,18.2,18.4,19.1,20,0,13.6242532463519,28.2482332253415,0,0,0,0,0,0,0,0,0,0,V12_noChunk,0,0,0,GMT,0,0
GLBABART,2020-02-17 17:01:43,0,0,0,20,28.1,28.8,29.6,21.4,23.4,25.1,25.1,22.8,23.4,21.5,16.5,12.7,13.3,12.7,12.2,13.4,13.3,13.7,13.9,14.2,15.8,16.3,17.3,17.7,18.3,18.7,19.2,20,0,13.3308038418859,27.9547838208755,0,0,0,0,0,0,0,0,0,0,V12_noChunk,0,0,0,GMT,0,0
GLBABART,2020-02-17 17:01:44,0,0,0,26.4,26.4,28.7,21.4,19.1,20.9,25.7,33.3,25.4,24.1,22.3,17.6,12.8,13.4,13.5,12.9,13.1,13.8,13.4,13.2,14.6,15.5,16.6,17.6,17.9,18.3,18.7,19,19.8,0,13.7878391571845,28.411819136174,0,0,0,0,0,0,0,0,0,0,V12_noChunk,0,0,0,GMT,0,0
GLBABART,2020-02-17 17:01:45,0,0,0,28,29.5,27.7,26.2,19,24.3,31.5,24.6,25.1,25.9,22.9,19,14.1,12.8,13.6,13.5,14,13.7,13.7,14.3,14.4,16.1,17.3,17.4,18,18.8,18.9,18.9,19.9,0,13.9540433017494,28.578023280739,0,0,0,0,0,0,0,0,0,0,V12_noChunk,0,0,0,GMT,0,0
GLBABART,2020-02-17 17:01:46,0,0,0,21.9,28.8,19.8,26.8,21.9,22.3,24.9,26.9,24.7,24.1,21.1,18.2,14.2,12.3,12.2,12.1,13.1,12.7,13.8,13.8,14.6,16.3,16.6,17.4,17.9,18.5,18.6,19.1,19.9,0,13.506554736616,28.1305347156056,0,0,0,0,0,0,0,0,0,0,V12_noChunk,0,0,0,GMT,0,0
GLBABART,2020-02-17 17:01:47,0,0,0,22.5,23.7,21.7,23.1,21.4,22.2,28.3,29.6,24,24.5,19.7,17.1,14.1,14,12.2,12.3,13.1,13,13.2,13.5,14.3,15.8,16.1,17.2,17.7,18.3,18.4,18.9,19.6,0,13.3840822865056,28.0080622654952,0,0,0,0,0,0,0,0,0,0,V12_noChunk,0,0,0,GMT,0,0
GLBABART,2020-02-17 17:01:48,0,0,0,24,23.4,20.8,17.4,18.9,24.8,27.5,29.2,23,28.3,20.2,17,12.8,13.4,13.2,12,12.9,13.2,12.6,13.5,14.1,15.5,16.5,17.3,17.5,18.5,18.6,19,19.8,0,13.557678811031,28.1816587900205,0,0,0,0,0,0,0,0,0,0,V12_noChunk,0,0,0,GMT,0,0
GLBABART,2020-02-17 17:01:49,0,0,0,23.1,26.1,24.3,27.3,19.2,25.1,29.1,27.3,24.3,26.1,21.8,18,15.4,14.3,13,12.2,13.3,13,13.3,13.6,14.5,15.6,16.6,17.5,17.7,18.3,18.5,19,20.2,0,13.6229673179295,28.2469472969191,0,0,0,0,0,0,0,0,0,0,V12_noChunk,0,0,0,GMT,0,0
GLBABART,2020-02-17 17:01:50,0,0,0,25,30.7,33.3,29.2,23.9,26,28.7,30.5,26.1,26.6,21.2,17.3,13.6,13.3,12.7,12.6,14.2,13.2,14.2,14,14.7,15.5,16.8,17.2,17.8,18.6,18.5,19.1,19.9,0,13.8299728573947,28.4539528363842,0,0,0,0,0,0,0,0,0,0,V12_noChunk,0,0,0,GMT,0,0
GLBABART,2020-02-17 17:01:51,0,0,0,26.4,34.5,35.5,31,23,29.3,29,28.5,27.2,24.8,23.6,19.9,13.7,13.1,13.3,12.8,13.5,13.5,14.1,13.8,14.4,15.5,16.6,17.1,17.8,18.6,18.8,19,20,0,13.8482799395534,28.4722599185429,0,0,0,0,0,0,0,0,0,0,V12_noChunk,0,0,0,GMT,0,0
GLBABART,2020-02-17 17:01:52,0,0,0,29.5,29.5,31.4,30,24,26.3,27.8,25.8,23.4,27,23.1,18,13.7,14.7,12.9,12.8,12.5,12.8,13.8,14.1,14.5,15.7,16.6,17,17.9,18.4,18.3,19.2,19.9,0,13.6578752721339,28.2818552511235,0,0,0,0,0,0,0,0,0,0,V12_noChunk,0,0,0,GMT,0,0
GLBABART,2020-02-17 17:01:53,0,0,0,31.2,26.2,31.2,29.4,25.1,27.4,29,25.9,23.8,24.9,22.1,17,13.7,12.3,14.6,12.9,13.7,13.3,13.6,14.1,14.4,15.3,16.5,17.7,17.8,18.2,18.5,19,19.7,0,13.5641416271916,28.1881216061812,0,0,0,0,0,0,0,0,0,0,V12_noChunk,0,0,0,GMT,0,0
GLBABART,2020-02-17 17:01:54,0,0,0,25.1,30.5,32.8,29.7,24.4,26.5,24.7,28.6,25.2,24.9,21.8,18.9,14.2,12.7,13.1,12.6,13.3,13.2,13.5,13.7,14.2,15.7,17.7,17.3,18,18.8,18.8,19.2,19.7,0,13.7538325495933,28.3778125285829,0,0,0,0,0,0,0,0,0,0,V12_noChunk,0,0,0,GMT,0,0
GLBABART,2020-02-17 17:01:55,0,0,0,28.3,26.4,32.6,32.2,25.4,27.4,30,27.9,26.7,28.2,20.7,17.9,13.8,13.5,12.8,13.5,13.8,13.6,13.8,13.3,14.3,15.9,16.6,17.2,17.6,18.4,18.7,19.1,19.9,0,13.8557266551912,28.4797066341808,0,0,0,0,0,0,0,0,0,0,V12_noChunk,0,0,0,GMT,0,0
GLBABART,2020-02-17 17:01:56,0,0,0,29.8,31.2,32.3,27.1,23.3,28.7,28.1,32.2,22.5,26,24.5,19.9,14.6,13.1,13.8,12.9,14.5,14.2,13.5,13.7,14.3,15.3,16.8,17.5,17.6,18.6,18.6,19,20,0,14.0270606703319,28.6510406493215,0,0,0,0,0,0,0,0,0,0,V12_noChunk,0,0,0,GMT,0,0
GLBABART,2020-02-17 17:01:57,0,0,0,32.3,34.9,37.6,37.6,22.9,28.1,25.6,33.2,30.2,27.1,19.2,18.5,14.6,15,14.6,14.5,13.9,13.9,14.5,14,14.6,15.3,16.1,17.3,17.7,18.6,18.5,19.1,19.9,0,14.2583829225034,28.882362901493,0,0,0,0,0,0,0,0,0,0,V12_noChunk,0,0,0,GMT,0,0
GLBABART,2020-02-17 17:01:58,0,0,0,29.2,34.3,32.1,30,24,24.7,23.8,27.5,22.1,27.9,22.6,17.8,13.7,14.6,13,13.3,13,12.2,13.7,14.1,14.3,15.5,16.4,17.2,17.6,18.2,18.3,19,19.9,0,13.6019943004205,28.2259742794101,0,0,0,0,0,0,0,0,0,0,V12_noChunk,0,0,0,GMT,0,0
GLBABART,2020-02-17 17:01:59,0,0,0,35.7,34.5,32.6,32.5,30.4,31.5,29.1,29,24.5,27.4,21.9,20,12.2,13.7,12.7,12.7,13.9,13.6,13.3,14.1,14.4,15.3,16.2,17.3,17.7,18.5,18.7,19.1,20,0,13.8258878418695,28.449867820859,0,0,0,0,0,0,0,0,0,0,V12_noChunk,0,0,0,GMT,0,0
GLBABART,2020-02-17 17:02:00,0,0,0,32.8,25.6,31.9,28.6,22.9,28.2,30.4,31.4,26.9,23,21.5,19.6,14.5,12.6,13.1,12.6,13.6,13.1,13.2,14.2,14.4,15,16.4,17.3,17.7,18.5,18.6,19.3,20,0,13.73472524483,28.3587052238196,0,0,0,0,0,0,0,0,0,0,V12_noChunk,0,0,0,GMT,0,0
GLBABART,2020-02-17 17:02:01,0,0,0,31.1,34.9,30.6,25.8,20.3,25.7,32.2,31,29.7,24.9,22.1,18.3,14.2,13.2,13.3,13.3,12.4,13.1,13,14.1,14.4,15.2,16.2,17.2,17.8,18.5,18.4,19.2,19.8,0,13.8614462385136,28.4854262175032,0,0,0,0,0,0,0,0,0,0,V12_noChunk,0,0,0,GMT,0,0
GLBABART,2020-02-17 17:02:02,0,0,0,35.1,32.7,34.6,33.4,21.3,25.4,30.8,27.7,26,25.2,24.3,18.7,14.7,14.2,12.7,13.5,14.2,14.2,14.5,14.4,14.9,15.1,16.7,17.3,17.7,18.2,18.4,18.8,20.1,0,13.9388541230584,28.5628341020479,0,0,0,0,0,0,0,0,0,0,V12_noChunk,0,0,0,GMT,0,0
GLBABART,2020-02-17 17:02:03,0,0,0,33.4,33.7,31.2,35.2,26.8,31.4,28.9,33.1,31.1,26.7,24,17.8,13.4,13.7,14.2,13.9,14.3,14.9,15.9,15,16.3,15.9,17.2,17.2,17.9,18.2,18.6,19.2,19.9,0,14.7277053779254,29.351685356915,0,0,0,0,0,0,0,0,0,0,V12_noChunk,0,0,0,GMT,0,0
GLBABART,2020-02-17 17:02:04,0,0,0,35.5,30.1,33.2,32.2,29.3,26.6,28.8,33.6,30.9,29.1,25.3,22,15,14.2,13.2,13.1,13.3,14.6,15.7,14.9,14.5,15.8,16.5,17.1,17.9,18.2,18.7,19.1,19.9,0,14.8086651098331,29.4326450888227,0,0,0,0,0,0,0,0,0,0,V12_noChunk,0,0,0,GMT,0,0
GLBABART,2020-02-17 17:02:05,0,0,0,28.4,33.8,34.4,29.1,23.7,26.8,27.4,31.6,29,25.6,25.4,20.4,12.9,13.4,14,13.8,14.3,15,15.9,15,14.5,15.3,16.3,17.4,17.8,18.3,18.6,19.2,19.9,0,14.3836187491945,29.0075987281841,0,0,0,0,0,0,0,0,0,0,V12_noChunk,0,0,0,GMT,0,0
GLBABART,2020-02-17 17:02:06,0,0,0,28,29.7,36.5,35.6,25.8,26.8,33,34.8,27.2,25.6,24.9,18,14.7,14,12.6,12.9,13.8,13.2,13.4,13.8,14.3,15.7,16.8,17,17.8,18.3,18.6,19.1,20,0,14.2955854137454,28.919565392735,0,0,0,0,0,0,0,0,0,0,V12_noChunk,0,0,0,GMT,0,0
GLBABART,2020-02-17 17:02:07,0,0,0,31,35.2,35.9,33.8,21.9,24.7,25.8,29.8,26.7,25.3,23.2,18.2,13.7,13.2,13.6,13,12.9,14,13,14.1,14.7,16,16.9,17.4,17.8,18.6,18.4,19.2,19.7,0,13.8388309339596,28.4628109129492,0,0,0,0,0,0,0,0,0,0,V12_noChunk,0,0,0,GMT,0,0
GLBABART,2020-02-17 17:02:08,0,0,0,31.1,34.7,30.9,33,26,27.4,26.2,31.6,26.5,26.1,23.2,19.3,12.9,12.5,13.1,12.9,12.9,13.5,13.3,13.6,14.2,16.1,17.1,17.2,17.8,18.7,18.5,19,19.8,0,13.9051585792585,28.5291385582481,0,0,0,0,0,0,0,0,0,0,V12_noChunk,0,0,0,GMT,0,0
GLBABART,2020-02-17 17:02:09,0,0,0,30.8,31.2,30.9,29.2,27.2,31.6,35.5,36.4,29.3,23.4,21.5,18,14.4,12.6,13.4,13.5,13.6,13.2,13.5,13.9,14.6,15.8,17.1,17.4,17.9,18.4,18.7,18.9,20,0,14.5765324493085,29.200512428298,0,0,0,0,0,0,0,0,0,0,V12_noChunk,0,0,0,GMT,0,0
GLBABART,2020-02-17 17:02:10,0,0,0,31.4,35,33.5,30.9,25.7,30.5,35.4,35.5,31.7,27.3,24.2,18.3,13,14.1,14.1,12.9,13.7,12.7,13.1,13.8,14.5,15.5,16.5,17,18,18.4,18.6,19.1,19.9,0,14.7176949673188,29.3416749463083,0,0,0,0,0,0,0,0,0,0,V12_noChunk,0,0,0,GMT,0,0
GLBABART,2020-02-17 17:02:11,0,0,0,32.9,32.7,34.2,33.7,29.3,31.5,34.1,31.9,27,25.2,23.5,18.5,14,13.2,13.8,12.7,13.2,13.7,13.6,13.6,14.4,15.6,16.2,17.4,17.9,18.4,18.5,19,19.9,0,14.0632895511803,28.6872695301699,0,0,0,0,0,0,0,0,0,0,V12_noChunk,0,0,0,GMT,0,0
GLBABART,2020-02-17 17:02:12,0,0,0,33.5,34.2,36.5,34.4,24.8,30.7,29.9,28.5,26.6,21.6,21.9,18.3,13.7,13.5,12.2,12.8,14,14.4,13.8,13.6,14.5,15.3,17.1,17.2,17.6,18.5,18.5,19,19.8,0,13.6972460726908,28.3212260516803,0,0,0,0,0,0,0,0,0,0,V12_noChunk,0,0,0,GMT,0,0
GLBABART,2020-02-17 17:02:13,0,0,0,31.9,37.4,32.6,26.7,26.5,25.3,32.5,40.2,28.6,20,23.6,18.6,13.2,14.9,13.4,12.5,13.7,13.7,13.3,14.2,14.4,15.4,16.7,17.5,17.7,18.5,18.7,18.9,19.8,0,15.1212306126779,29.7452105916674,0,0,0,0,0,0,0,0,0,0,V12_noChunk,0,0,0,GMT,0,0
GLBABART,2020-02-17 17:02:14,0,0,0,27.2,33.4,23.3,25.8,28,30.3,27.4,31.5,25.2,25.4,21.6,18.6,13.8,13.8,13.3,14,14,12.9,13.1,13.8,14.9,15.5,16.6,17.3,17.9,18.2,18.5,19.1,20,0,13.8043380376439,28.4283180166335,0,0,0,0,0,0,0,0,0,0,V12_noChunk,0,0,0,GMT,0,0
GLBABART,2020-02-17 17:02:15,0,0,0,27.1,27,33.3,36.2,25.5,27.8,35.1,31.5,27.3,21.8,23.4,16.4,13.2,12.6,13.2,12.8,13.7,13.4,13.4,14.1,14.4,15.8,17.1,17.3,17.8,18.6,18.6,19,20,0,14.0369420407184,28.660922019708,0,0,0,0,0,0,0,0,0,0,V12_noChunk,0,0,0,GMT,0,0
GLBABART,2020-02-17 17:02:16,0,0,0,27.4,31.7,34.2,35.5,27.7,31.2,30.7,32.7,28.7,25.3,24.7,17.7,13.7,13.4,12.7,13.1,13.1,14.3,13.3,13.5,14.3,15.4,16.4,17.6,17.8,18.4,18.6,19.1,19.9,0,14.1288488214827,28.7528288004723,0,0,0,0,0,0,0,0,0,0,V12_noChunk,0,0,0,GMT,0,0
GLBABART,2020-02-17 17:02:17,0,0,0,27.8,29.6,29.6,31.2,24,27.1,33.7,31.9,28,24.2,22.4,16.9,13.6,13.7,12.5,12.9,13.8,13.7,15.2,14.5,14.5,16,17.3,17.3,18,18.5,18.5,19.1,19.9,0,14.1794812022549,28.8034611812445,0,0,0,0,0,0,0,0,0,0,V12_noChunk,0,0,0,GMT,0,0
GLBABART,2020-02-17 17:02:18,0,0,0,23.5,27.2,26.5,22.9,22.5,27.5,31.6,33.8,24.3,23,21.3,17.6,13.8,13.7,14.4,12.7,13,14.4,15.7,15,14.8,15.1,16.2,17.3,17.7,18.3,18.6,19,20,0,14.0188623454394,28.642842324429,0,0,0,0,0,0,0,0,0,0,V12_noChunk,0,0,0,GMT,0,0
GLBABART,2020-02-17 17:02:19,0,0,0,33.4,30.7,24.4,27.3,21.8,20.9,24.7,32.2,26.6,23.1,23.6,18.5,14.4,14.1,12.9,13.8,13.3,13.7,13.8,14,14.5,15.8,18.2,17.5,18,18.4,18.6,18.9,19.9,0,14.0564803445942,28.6804603235838,0,0,0,0,0,0,0,0,0,0,V12_noChunk,0,0,0,GMT,0,0
GLBABART,2020-02-17 17:02:20,0,0,0,24.1,29.1,27,19.5,25.7,25.3,25.1,31,24.8,24.3,22.4,17.6,13.2,12.4,13.2,13.6,13.4,13.7,13.1,14.4,14.6,15.3,16.8,17.2,17.7,18.4,18.7,19.1,20,0,13.6866544123417,28.3106343913313,0,0,0,0,0,0,0,0,0,0,V12_noChunk,0,0,0,GMT,0,0
GLBABART,2020-02-17 17:02:21,0,0,0,28.4,26.1,25.7,29.7,21.2,27,27,35.7,27.9,23.9,23.8,17.3,13.3,13.5,13.1,13,13.5,13.3,12.6,13.9,14.3,15.5,15.9,17.2,17.7,18.7,18.6,19,19.9,0,14.0778551966066,28.7018351755962,0,0,0,0,0,0,0,0,0,0,V12_noChunk,0,0,0,GMT,0,0
GLBABART,2020-02-17 17:02:22,0,0,0,30.2,25.5,27.5,29,25.1,23.9,27.1,32.3,29.9,23.2,20.3,17.9,14.1,12.8,13.9,13,13.3,12.5,13.3,13.9,14.2,15.4,16.6,17.4,17.7,18.3,18.8,19.2,19.9,0,13.8132707130441,28.4372506920337,0,0,0,0,0,0,0,0,0,0,V12_noChunk,0,0,0,GMT,0,0
GLBABART,2020-02-17 17:02:23,0,0,0,25.9,29.9,27.2,23.2,21.7,25.5,28.1,32.2,28.7,22.5,21.5,17.3,12.9,12.3,14.1,11.9,12.7,13.2,13.1,13.6,14.3,15.5,17.1,17.3,17.8,18.4,18.7,19,19.8,0,13.7438251084434,28.367805087433,0,0,0,0,0,0,0,0,0,0,V12_noChunk,0,0,0,GMT,0,0
GLBABART,2020-02-17 17:02:24,0,0,0,27.6,31,29.6,32.3,26.6,18.9,25.1,30.1,28.8,23.7,21.2,17.6,14.4,13,13.2,13.4,13,13.2,13.9,13.6,14.3,15.3,16.6,17.4,17.6,18.4,18.6,19.2,19.8,0,13.6789272097554,28.302907188745,0,0,0,0,0,0,0,0,0,0,V12_noChunk,0,0,0,GMT,0,0
GLBABART,2020-02-17 17:02:25,0,0,0,33.9,25.9,32.6,34.5,26.9,33.3,29.5,39,29.9,23.4,23.8,18.3,13.3,13.4,14,13.2,13.7,13.1,13.5,14,14.5,15.6,16.5,17,17.7,18.3,18.5,19.1,19.9,0,14.8973988836106,29.5213788626002,0,0,0,0,0,0,0,0,0,0,V12_noChunk,0,0,0,GMT,0,0
GLBABART,2020-02-17 17:02:26,0,0,0,26.2,34,35.1,34.8,30.1,31.6,30.8,36,36.8,27.1,24.5,17.7,13.8,13.5,13.2,13,12.8,12.7,12.8,13.6,14,15.3,16.6,17.3,17.9,18.4,18.5,19.1,19.7,0,15.3111257575714,29.935105736561,0,0,0,0,0,0,0,0,0,0,V12_noChunk,0,0,0,GMT,0,0
GLBABART,2020-02-17 17:02:27,0,0,0,29.4,33.5,30.8,31.4,26.3,34,35.1,36.7,33.1,25.7,25,17,13,13.4,16.9,13.4,15.7,12.6,12.8,14.5,14.4,15.4,16.7,17.2,17.7,18.4,18.4,19.1,20,0,15.1124584622167,29.7364384412062,0,0,0,0,0,0,0,0,0,0,V12_noChunk,0,0,0,GMT,0,0
GLBABART,2020-02-17 17:02:28,0,0,0,28.6,32.1,32.5,34.2,28.6,28.1,27.4,36.1,32,24.2,20.2,16.2,13.4,14,15.2,13,14.9,13.3,13.6,13.5,14.7,15.5,15.9,17.5,17.8,18.1,18.7,18.9,20,0,14.4316531055488,29.0556330845384,0,0,0,0,0,0,0,0,0,0,V12_noChunk,0,0,0,GMT,0,0
GLBABART,2020-02-17 17:02:29,0,0,0,30.9,31.7,32.3,31.5,30.8,30.7,32.3,32.5,32.8,23.8,21.7,19.1,14.5,12.8,14.7,12.2,13.7,13,13.3,14,14,15.1,16.2,17.1,17.9,18.5,18.6,19,19.8,0,14.258585463431,28.8825654424205,0,0,0,0,0,0,0,0,0,0,V12_noChunk,0,0,0,GMT,0,0
GLBABART,2020-02-17 17:02:30,0,0,0,30.4,31.3,35.8,31.5,25.9,30,29.4,31.9,25.7,25.5,18.3,17.1,13.4,13.9,13.5,13.4,13,13.2,13.5,13.5,14.6,15.5,16.8,17.2,17.8,18.6,18.6,18.9,19.9,0,13.7630524369211,28.3870324159107,0,0,0,0,0,0,0,0,0,0,V12_noChunk,0,0,0,GMT,0,0
GLBABART,2020-02-17 17:02:31,0,0,0,33.2,34.6,34.7,35.7,29.6,32.3,30.7,35.4,32.9,28.1,22.3,17.7,13.3,13.4,13.3,13.7,12.6,12.8,13.6,13.7,14.1,15.3,16.9,17.4,18,18.3,18.6,19.2,19.9,0,14.6897326590009,29.3137126379905,0,0,0,0,0,0,0,0,0,0,V12_noChunk,0,0,0,GMT,0,0
GLBABART,2020-02-17 17:02:32,0,0,0,35.7,41.1,35.9,33.2,26.1,30.3,33.9,32.2,28.9,24.8,21.5,17.9,13.9,13.2,13.6,12.8,12.2,13.4,13.4,13.8,14.7,15.6,17,17.9,17.8,18.5,18.5,19.2,19.9,0,14.1286592078231,28.7526391868127,0,0,0,0,0,0,0,0,0,0,V12_noChunk,0,0,0,GMT,0,0
GLBABART,2020-02-17 17:02:33,0,0,0,28.9,36.1,36.5,27.6,26.5,26.7,29.4,31.2,31.9,25.9,19.1,15.7,13.2,13.7,14.4,13.4,14.2,17.9,17.3,17.2,16.3,15.3,17.1,16.9,17.8,18.1,18.7,19.2,19.8,0,14.8362925603767,29.4602725393663,0,0,0,0,0,0,0,0,0,0,V12_noChunk,0,0,0,GMT,0,0
GLBABART,2020-02-17 17:02:34,0,0,0,30.9,34.9,30.5,29.1,25.4,23.2,23.8,27.6,27.7,23.6,21.2,17.5,13.4,13.9,13.8,12.9,13.6,16.4,18.8,17.6,15.8,15.9,16.6,17,17.6,18.5,18.8,19,19.9,0,14.469156750871,29.0931367298605,0,0,0,0,0,0,0,0,0,0,V12_noChunk,0,0,0,GMT,0,0
GLBABART,2020-02-17 17:02:35,0,0,0,29.4,30.1,24.4,24.1,24.6,24.5,26.9,30.9,28.8,22.9,21.4,15.6,13.9,12.9,13.6,13.8,18.8,17.6,15.5,15.4,14.8,15.8,16.7,17.2,17.8,18.4,18.8,19.1,19.8,0,14.4891765214034,29.1131565003929,0,0,0,0,0,0,0,0,0,0,V12_noChunk,0,0,0,GMT,0,0
GLBABART,2020-02-17 17:02:36,0,0,0,27.3,32.7,24.9,27.8,29.1,26.7,31.9,29.7,27,20.8,20.3,17.5,13.5,13.8,12.9,13.7,18.1,17.3,15.3,15.8,14.7,16.1,16.8,17.4,17.6,18.5,18.5,19.2,20,0,14.3783267979633,29.0023067769529,0,0,0,0,0,0,0,0,0,0,V12_noChunk,0,0,0,GMT,0,0
GLBABART,2020-02-17 17:02:37,0,0,0,26.8,25.4,26.1,27.2,24.1,25.7,23.4,26.7,28.8,23.2,19.9,15.6,12.8,13.8,13,12.2,12.8,13.1,13.4,13.5,14.6,15.6,16.9,17.5,17.8,18.4,18.5,18.9,19.8,0,13.4852208132942,28.1092007922837,0,0,0,0,0,0,0,0,0,0,V12_noChunk,0,0,0,GMT,0,0
GLBABART,2020-02-17 17:02:38,0,0,0,28.4,33.6,27.6,28.2,23.7,26.7,28,29.1,29.8,22,21,14.3,13.3,13.9,13,13,12.3,12.9,13.5,14.1,14.2,15.2,16.3,17,18,18.6,18.4,19.1,19.9,0,13.5726727726773,28.1966527516669,0,0,0,0,0,0,0,0,0,0,V12_noChunk,0,0,0,GMT,0,0
GLBABART,2020-02-17 17:02:39,0,0,0,33.1,33.8,32.4,29.5,26.4,27.5,29.5,28.4,27.3,20.1,18.6,16.2,13.9,12.9,12.3,13.1,12.4,12.7,13.8,13.8,14.5,15.2,16.2,17.3,17.9,18.4,18.6,19.1,19.9,0,13.3910865292665,28.0150665082561,0,0,0,0,0,0,0,0,0,0,V12_noChunk,0,0,0,GMT,0,0
GLBABART,2020-02-17 17:02:40,0,0,0,29.6,30.4,29.3,32.3,22.3,29.3,28.1,28.9,27.4,22.3,20.9,16.8,12.4,13.7,12.7,12.9,16.4,16.8,15.9,15,14.8,15.7,16.3,17,17.5,18.4,18.6,19.1,20.1,0,14.044216501446,28.6681964804355,0,0,0,0,0,0,0,0,0,0,V12_noChunk,0,0,0,GMT,0,0
GLBABART,2020-02-17 17:02:41,0,0,0,31.4,27.4,24.7,27.5,28.8,27.6,26.9,33,29.4,23.1,19.9,16.6,12.6,13.5,13,13.3,17.8,17.6,15.1,15.2,14.7,15.4,16.7,17.1,17.7,18.5,18.3,19.2,19.9,0,14.4158323843093,29.0398123632989,0,0,0,0,0,0,0,0,0,0,V12_noChunk,0,0,0,GMT,0,0
GLBABART,2020-02-17 17:02:42,0,0,0,29,32,24.2,26.8,23.5,24.7,28.3,30.4,29.6,20.4,20.4,14.8,13.9,13.9,13.2,12.9,12.8,12.8,13.5,13.3,15,15.6,16.7,17,17.7,18.7,18.4,19.1,20,0,13.632358774916,28.2563387539056,0,0,0,0,0,0,0,0,0,0,V12_noChunk,0,0,0,GMT,0,0
GLBABART,2020-02-17 17:02:43,0,0,0,31.6,34.2,31.3,26.5,26.5,32.1,34.2,33.8,31.9,21.8,18.8,15.7,12.5,12.1,12.7,12.3,12.8,13.2,13.6,14,14.6,15.2,16.5,17,17.6,18.7,18.6,19.1,19.7,0,14.1258108101535,28.7497907891431,0,0,0,0,0,0,0,0,0,0,V12_noChunk,0,0,0,GMT,0,0
GLBABART,2020-02-17 17:02:44,0,0,0,27.2,36,29.7,31.6,31.5,28.4,28.3,30.6,27,22.1,21.3,17.1,12.7,13.3,13.8,12.9,13.3,13.4,13,13.5,14.4,15.4,16.7,17.3,17.4,18.3,18.6,19.1,19.7,0,13.579142213785,28.2031221927746,0,0,0,0,0,0,0,0,0,0,V12_noChunk,0,0,0,GMT,0,0
GLBABART,2020-02-17 17:02:45,0,0,0,29.9,23.8,25.4,28.8,28,28.9,32.3,29.1,24,21.6,20.5,16.7,13.5,13.5,13.6,12.7,12.6,13.3,13.1,13.8,14,15.5,16.6,17,17.7,18.4,18.7,19.1,19.9,0,13.4711238284034,28.0951038073929,0,0,0,0,0,0,0,0,0,0,V12_noChunk,0,0,0,GMT,0,0
GLBABART,2020-02-17 17:02:46,0,0,0,29.4,26.5,22.4,29.7,29.9,23.9,33,32.8,25.5,20.2,19.9,15.6,13.6,13.2,12.4,12.9,12.2,13.2,13.3,13.5,14,15.5,16.3,17.5,17.9,18.2,18.8,19,19.9,0,13.6070043361007,28.2309843150903,0,0,0,0,0,0,0,0,0,0,V12_noChunk,0,0,0,GMT,0,0
GLBABART,2020-02-17 17:02:47,0,0,0,30.5,28.4,27.4,30.1,25,29.1,32,28.6,25.6,21.4,21,16.3,13.5,13.3,14,12.7,13,13.3,13.8,13.8,14.5,15.9,16.2,17.3,17.7,18.2,18.6,19,20,0,13.5524343860669,28.1764143650565,0,0,0,0,0,0,0,0,0,0,V12_noChunk,0,0,0,GMT,0,0
GLBABART,2020-02-17 17:02:48,0,0,0,30.7,24.6,23.2,24.1,25,23.3,26.9,29.8,25.7,20.4,20.6,17.5,13.9,13,13,12.6,13,12.9,13.3,13.4,14.3,15.6,16.7,17.2,17.9,18.4,18.5,19,19.9,0,13.4056229291332,28.0296029081227,0,0,0,0,0,0,0,0,0,0,V12_noChunk,0,0,0,GMT,0,0
GLBABART,2020-02-17 17:02:49,0,0,0,30.3,29.3,24.4,25.5,20.3,27.3,29.1,33,32.2,22.1,20.4,17.6,13.4,13.2,16.3,13.2,15.5,13.6,13,14,14.8,15.5,16.3,17.2,17.6,18.4,18.5,19.1,19.9,0,14.2052317805937,28.8292117595832,0,0,0,0,0,0,0,0,0,0,V12_noChunk,0,0,0,GMT,0,0
GLBABART,2020-02-17 17:02:50,0,0,0,29,28.2,29.8,28.8,23.2,30.7,30.9,32.1,30.1,23.5,20.8,15.9,14.1,13.6,15.4,13.9,15.1,13.8,13,14,14.3,15.2,16.5,17.4,17.6,18.5,18.7,19.2,20,0,14.0354785482032,28.6594585271928,0,0,0,0,0,0,0,0,0,0,V12_noChunk,0,0,0,GMT,0,0
GLBABART,2020-02-17 17:02:51,0,0,0,25.4,28.8,31.6,30.9,23.6,28.2,31.6,30.1,29.2,20.5,20.3,16.9,14.4,13.8,17.3,14.1,14.7,18.4,20.1,22.2,19,16.1,17.6,17.3,17.6,18.4,18.7,18.8,19.9,0,15.9817002013924,30.605680180382,0,0,0,0,0,0,0,0,0,0,V12_noChunk,0,0,0,GMT,0,0
GLBABART,2020-02-17 17:02:52,0,0,0,30.2,27.4,28.1,29.4,30.4,31.7,30.4,27.2,24.9,23.2,22.5,18,13.9,13.6,15.3,13.7,13.1,15.5,18.9,19.8,16,15.7,17,17.3,17.8,18.6,18.6,19.1,20,0,14.8584885510045,29.4824685299941,0,0,0,0,0,0,0,0,0,0,V12_noChunk,0,0,0,GMT,0,0
GLBABART,2020-02-17 17:02:53,0,0,0,31.8,30.3,27.5,32.4,31.6,31.6,31,33.5,30.8,24.7,20.1,16.4,14.2,12.5,13.5,12.1,12.7,13.4,13.3,14,14.1,15.1,16.1,17.2,17.8,18.3,18.5,19.2,19.9,0,13.9881474884407,28.6121274674303,0,0,0,0,0,0,0,0,0,0,V12_noChunk,0,0,0,GMT,0,0
GLBABART,2020-02-17 17:02:52,0,0,0,29.9,33.7,37.6,32.7,31.1,32,37.1,31.9,31.8,23.6,18.3,16.5,12.7,14,12.4,12.5,12.8,12.5,13.3,13.6,14.4,15.1,16.5,17.6,17.8,18.5,18.6,18.9,19.9,0,14.242830366889,28.8668103458786,0,0,0,0,0,0,0,0,0,0,V12_noChunk,0,0,0,GMT,0,0
GLBABART,2020-02-17 17:02:53,0,0,0,37,28.3,35.1,34,29.9,30.1,37.9,35.4,30.5,22.9,20.8,16.1,13.4,13.3,13.6,13.5,12.9,12.5,13.6,13.8,14.6,15.1,16,17,17.6,18.4,18.5,19.1,19.8,0,14.438194185654,29.0621741646435,0,0,0,0,0,0,0,0,0,0,V12_noChunk,0,0,0,GMT,0,0
GLBABART,2020-02-17 17:02:54,0,0,0,34.6,35.8,32.2,37.1,33.3,33.3,32.2,27.4,27.4,24.8,18.5,15.1,12.7,13.1,13.4,13,12.9,12.3,12.8,13.9,14.5,15.4,16.2,17,17.9,18.1,18.7,19.1,19.9,0,13.5933234758672,28.2173034548568,0,0,0,0,0,0,0,0,0,0,V12_noChunk,0,0,0,GMT,0,0
GLBABART,2020-02-17 17:02:55,0,0,0,32.7,39.9,37.4,33.9,35.5,31,33.2,32.3,28.5,21.8,18.4,17.5,13.4,13.2,13.1,13,12.8,12.8,13.4,13.9,14.6,15.7,16.3,17.5,17.6,18.6,18.5,18.9,19.9,0,13.892602935455,28.5165829144446,0,0,0,0,0,0,0,0,0,0,V12_noChunk,0,0,0,GMT,0,0
GLBABART,2020-02-17 17:02:56,0,0,0,29.1,32.9,33.3,31.5,26.9,31.6,27.1,29,26.8,22.7,18.4,18.2,14.5,13.6,12.5,12.2,13,12.9,14.2,13.9,14,15.3,16.3,17.5,17.8,18.6,18.6,19,19.9,0,13.539043245439,28.1630232244285,0,0,0,0,0,0,0,0,0,0,V12_noChunk,0,0,0,GMT,0,0
GLBABART,2020-02-17 17:02:57,0,0,0,31.3,31.5,34.1,26.8,23.1,27.1,26.9,27.3,24.6,21.3,19.6,16.4,13.2,11.9,13.5,13.8,12.6,13,13,13.6,14.3,15.3,16.2,17.2,18.1,18.4,18.7,19,19.8,0,13.2785015005226,27.9024814795122,0,0,0,0,0,0,0,0,0,0,V12_noChunk,0,0,0,GMT,0,0
GLBABART,2020-02-17 17:02:58,0,0,0,28.7,32.2,31.2,28.6,29.4,30.2,26.7,27.2,24.9,21.5,20.6,15.5,13.8,13.4,13.3,12.8,13.3,13.2,12.7,14,14.3,15.4,16.5,17.2,17.8,18.4,18.7,18.9,20,0,13.3631956732176,27.9871756522072,0,0,0,0,0,0,0,0,0,0,V12_noChunk,0,0,0,GMT,0,0
