SiteID,STime,H12p5,H15p8,H20,H25,H31p5,H40,H50,H63,H80,H100,H125,H160,H200,H250,H315,H400,H500,H630,H800,H1000,H1250,H1600,H2000,H2500,H3150,H4000,H5000,H6300,H8000,H10000,H12500,H16000,H20000,dbA,dbC,dbF,Voltage,WindSpeed,WindDir,TempIns,TempOut,Humidity,INVID,INSID,GChar1,GChar2,GChar3,AdjustmentsApplied,CalibrationAdjustment,GPSTimeAdjustment,GainAdjustment,Status
GLBABART,2020-02-16 17:00:00,0,0,0,23.2,20.4,16.4,18.7,15.6,18,15.1,15.7,14.9,16.4,15.7,14,15.1,14.6,12.9,16.9,16.4,28.5,22.4,24.5,22.6,24.2,32.3,17.4,17.7,18.4,18.6,19.1,19.9,0,21.9301033042173,36.5540832832068,0,0,0,0,0,0,0,0,0,0,V12_noChunk,0,0,0,GMT,0,0
GLBABART,2020-02-16 17:00:01,0,0,0,26.4,22.3,20.8,19,13.9,19.3,16,17.5,14.4,16.5,15.2,15,14.3,14.8,13.1,16.3,15.4,21.8,20,20,18.4,18.6,19.2,17.4,17.7,18.4,18.7,19.2,19.9,0,15.8629804021789,30.4869603811685,0,0,0,0,0,0,0,0,0,0,V12_noChunk,0,0,0,GMT,0,0
GLBABART,2020-02-16 17:00:02,0,0,0,25.3,20.6,15.9,20.4,17.5,15,16.6,16.8,17.3,15.6,16,14.2,15.1,14.1,12.6,14.2,14.2,23.7,16.9,18.1,18,22,24.7,17,17.8,18.4,18.7,19.2,19.8,0,16.9877362862654,31.611716265255,0,0,0,0,0,0,0,0,0,0,V12_noChunk,0,0,0,GMT,0,0
GLBABART,2020-02-16 17:00:03,0,0,0,27,20,21,17,15.6,14.3,15.7,17.1,17.8,15.4,15.5,15.5,12.8,13.1,13.1,12.8,13.3,14.5,13.4,13.9,14.9,15.6,16.6,17.3,17.8,18.4,18.5,19,20,0,13.0710201171078,27.6950000960973,0,0,0,0,0,0,0,0,0,0,V12_noChunk,0,0,0,GMT,0,0
GLBABART,2020-02-16 17:00:04,0,0,0,22.6,19.4,17,19.2,14.3,17.9,18.2,17,17.1,15.8,17,15.6,13.5,15.9,14.2,12.7,13.4,13.4,13.5,13.6,15,16.8,19.6,16.9,17.7,18.1,18.2,19.1,20.1,0,13.5892063272986,28.2131863062882,0,0,0,0,0,0,0,0,0,0,V12_noChunk,0,0,0,GMT,0,0
GLBABART,2020-02-16 17:00:05,0,0,0,21.6,19.6,20.1,20.1,16.7,18,18.6,15.4,14.7,15.8,14.8,14.4,14.9,14.2,13.1,13.1,13.5,13.4,13.1,14.2,14.8,18.5,21,17.7,17.5,18.4,18.5,19,20,0,14.0351523929933,28.6591323719829,0,0,0,0,0,0,0,0,0,0,V12_noChunk,0,0,0,GMT,0,0
GLBABART,2020-02-16 17:00:06,0,0,0,25.5,18.4,17.6,15.4,16,18.5,14,14.4,15.4,15,15.8,14.3,14.6,14.8,12,12.1,13.7,13,14,13.6,15,16.1,18.2,17.6,17.9,18.3,18.7,19.2,19.9,0,13.3247383992212,27.9487183782108,0,0,0,0,0,0,0,0,0,0,V12_noChunk,0,0,0,GMT,0,0
GLBABART,2020-02-16 17:00:07,0,0,0,26,24.9,19.4,17.9,17.2,14.7,16.7,15.6,14.3,15.2,15.4,14.7,13.9,14.1,12.8,13.3,13.5,13.4,13,13.5,15.8,19,21.5,17.3,17.3,18.4,18.5,19,19.9,0,14.1929271595696,28.8169071385591,0,0,0,0,0,0,0,0,0,0,V12_noChunk,0,0,0,GMT,0,0
GLBABART,2020-02-16 17:00:08,0,0,0,25.9,21.5,18.3,21.2,17.3,17.8,17.4,14.9,15.7,15.4,16.1,14.4,14.7,14.5,13.4,12.5,12.9,12.9,13.1,14.2,17.8,21.7,23.2,17.4,18.1,18.4,18.7,19,19.9,0,15.3164511381358,29.9404311171254,0,0,0,0,0,0,0,0,0,0,V12_noChunk,0,0,0,GMT,0,0
GLBABART,2020-02-16 17:00:09,0,0,0,27.2,15.9,20.4,20.1,16.3,19.3,16.5,17.1,16.4,16.5,15.7,13.7,13.3,14.1,13.2,12.9,13.5,14.1,13.6,13.8,15.5,24.2,30.2,17.2,17.8,18.3,18.6,19,19.9,0,18.7083671979599,33.3323471769494,0,0,0,0,0,0,0,0,0,0,V12_noChunk,0,0,0,GMT,0,0
GLBABART,2020-02-16 17:00:10,0,0,0,27.6,21.1,19.5,15.8,17.7,15.3,16.2,15.7,17.1,15.2,16.5,14.7,14.2,14.4,13.9,14,15.6,17.3,15.2,14.3,15.3,16.7,19,17.5,17.6,18.4,18.6,19.1,19.8,0,13.9823087614558,28.6062887404453,0,0,0,0,0,0,0,0,0,0,V12_noChunk,0,0,0,GMT,0,0
GLBABART,2020-02-16 17:00:11,0,0,0,27.3,22.7,21,20.4,16.2,15.6,15.9,14.1,14.9,15.6,15.3,15.2,13.7,14.6,14.7,15.1,16.8,18.1,16,14.7,16.2,22.5,28.7,18.1,18.1,18.4,18.3,19.1,19.8,0,17.9181764615922,32.5421564405818,0,0,0,0,0,0,0,0,0,0,V12_noChunk,0,0,0,GMT,0,0
GLBABART,2020-02-16 17:00:12,0,0,0,25.5,19.9,19.2,19.4,16.6,15.8,15.6,14.6,15.6,15.6,15,16.1,13.7,14,13.8,13.7,13.4,14.6,14.7,16,17.9,20.2,25.6,20.2,17.8,18.4,18.5,19.2,19.7,0,16.2332624073176,30.8572423863071,0,0,0,0,0,0,0,0,0,0,V12_noChunk,0,0,0,GMT,0,0
GLBABART,2020-02-16 17:00:13,0,0,0,28.5,23.6,20.2,15.1,15,15.9,17.9,15.1,15.7,15.6,16.7,14.8,14.6,14.5,14.1,13.8,13.5,15.2,16.3,18,15.4,21.4,27.1,18,17.7,18.4,18.5,19.1,20,0,16.8965621396378,31.5205421186274,0,0,0,0,0,0,0,0,0,0,V12_noChunk,0,0,0,GMT,0,0
GLBABART,2020-02-16 17:00:14,0,0,0,26.3,22.2,21.3,15.7,14.5,17.6,17.5,16.5,17.6,15.7,17.3,16.7,13.8,13.9,13.8,13.8,13.8,17.7,16.7,18,17.5,21,23.8,18.9,17.8,18.5,18.7,19.1,20,0,15.9973265442524,30.621306523242,0,0,0,0,0,0,0,0,0,0,V12_noChunk,0,0,0,GMT,0,0
GLBABART,2020-02-16 17:00:15,0,0,0,27.6,17.9,21.3,17.6,19.1,15.7,15.2,17.5,16.4,16.2,14.6,16.3,15.9,19,20.3,15.8,14.5,20.9,18.9,21.1,18.8,21.8,25.6,20.2,17.8,18.5,18.5,18.9,19.9,0,17.6565131267538,32.2804931057434,0,0,0,0,0,0,0,0,0,0,V12_noChunk,0,0,0,GMT,0,0
GLBABART,2020-02-16 17:00:16,0,0,0,25.1,23.6,21.4,19.4,18.3,16.4,17.5,16,16.4,16.1,16.6,16.3,14.8,15.3,14.8,13.6,12.9,14.6,17,17.2,16.7,24.3,30.5,18,17.7,18.3,18.5,18.9,19.8,0,19.1119343100079,33.7359142889974,0,0,0,0,0,0,0,0,0,0,V12_noChunk,0,0,0,GMT,0,0
GLBABART,2020-02-16 17:00:17,0,0,0,25.1,22.9,17.9,18.9,17.9,18.4,19,15.6,16.5,15.2,15.1,16.7,13.8,15,16.9,13.6,13.4,13.8,15.7,16.3,18.6,23.3,26.2,17.6,18.8,18.4,18.5,19.2,20,0,16.9378243430833,31.5618043220729,0,0,0,0,0,0,0,0,0,0,V12_noChunk,0,0,0,GMT,0,0
GLBABART,2020-02-16 17:00:18,0,0,0,22.1,20.3,19.6,19.4,17.7,16.5,18.3,16.5,17.2,17.1,15.6,16,14.4,14.1,16.1,14,14,15.1,16.3,15.8,16.5,31.6,30.5,17.9,17.7,18.3,18.6,19.2,20.1,0,21.2843491430763,35.9083291220659,0,0,0,0,0,0,0,0,0,0,V12_noChunk,0,0,0,GMT,0,0
GLBABART,2020-02-16 17:00:19,0,0,0,27.7,21.1,15.7,16.3,18.1,16.4,14.7,17.1,16.6,16.1,17.7,21.6,14.6,15.8,17.4,14.5,14,16.5,18.3,18.1,19.6,21.7,24.3,17.6,18,18.5,18.5,19.1,19.9,0,16.5569645903078,31.1809445692973,0,0,0,0,0,0,0,0,0,0,V12_noChunk,0,0,0,GMT,0,0
GLBABART,2020-02-16 17:00:20,0,0,0,27.3,21.5,21.8,18.9,18.6,17.5,13.8,16,15.4,15,16,18.6,14,14.5,14.8,13.8,13.9,15,16.6,16.5,16.3,21.6,22.1,17.4,17.6,18.1,18.7,18.9,20,0,15.2826266831477,29.9066066621372,0,0,0,0,0,0,0,0,0,0,V12_noChunk,0,0,0,GMT,0,0
GLBABART,2020-02-16 17:00:21,0,0,0,27.1,20.7,21.1,18.4,15.2,17,13.3,16.1,16.1,14.6,16.4,16.1,14.3,16.2,15,14.6,14.8,14.1,17.6,17.5,16.8,28,30.8,18,17.8,18.6,18.5,19.2,19.8,0,20.1148848019703,34.7388647809599,0,0,0,0,0,0,0,0,0,0,V12_noChunk,0,0,0,GMT,0,0
GLBABART,2020-02-16 17:00:22,0,0,0,29.5,17.4,22.4,17.8,17,14.2,16,15.7,16.1,15.3,18.2,18.3,15.4,15.7,15.8,15.9,16.4,16.7,21.6,21,17.7,23.4,26,18.8,17.6,18.5,18.6,19,20,0,17.7294338616192,32.3534138406088,0,0,0,0,0,0,0,0,0,0,V12_noChunk,0,0,0,GMT,0,0
GLBABART,2020-02-16 17:00:23,0,0,0,27.5,20.2,19.4,18,16.3,15.4,15,16.4,16.5,17.6,17,15.8,14.3,18.3,15.3,14.6,15.4,14.6,18,17.9,16.8,21.2,23.5,17.8,18.1,18.3,18.7,19.2,19.9,0,15.9373040112152,30.5612839902047,0,0,0,0,0,0,0,0,0,0,V12_noChunk,0,0,0,GMT,0,0
GLBABART,2020-02-16 17:00:24,0,0,0,26.7,21,23.9,18.1,16.7,16.3,16.5,14.9,15.9,14.5,15.5,14.3,13.5,15.9,14.4,13.4,13,14.3,14.8,14.7,14.6,30.7,32.5,17.7,17.9,18.4,18.6,19.1,19.9,0,21.7084320004232,36.3324119794127,0,0,0,0,0,0,0,0,0,0,V12_noChunk,0,0,0,GMT,0,0
GLBABART,2020-02-16 17:00:25,0,0,0,24.1,23.3,18.7,17.6,19.1,17.5,16.4,16.5,16.4,16.2,17.9,16,14.1,17.5,14.9,14.5,16.1,18.1,17.5,17.7,15.9,24.5,26.8,17.3,17.9,18.5,18.7,19.1,19.7,0,17.575343051382,32.1993230303716,0,0,0,0,0,0,0,0,0,0,V12_noChunk,0,0,0,GMT,0,0
GLBABART,2020-02-16 17:00:26,0,0,0,21.4,24.4,22.7,13.4,16.6,18.9,17.9,15.8,15.6,16.6,16.6,14.9,15.1,15.3,14.1,15.6,18.2,25.6,20.4,21.4,19.6,32.7,33.3,17.7,18,18.5,18.8,19.1,20,0,23.4824598602021,38.1064398391917,0,0,0,0,0,0,0,0,0,0,V12_noChunk,0,0,0,GMT,0,0
GLBABART,2020-02-16 17:00:27,0,0,0,26.9,22,21.5,17.2,16.5,15.7,17.8,14.1,16.5,14.6,16.1,15.5,14.8,13.5,14.7,15.7,14.9,20,17.1,18.5,16.9,21.7,24.4,17.8,18,18.4,18.6,19.1,19.9,0,16.4297475784622,31.0537275574518,0,0,0,0,0,0,0,0,0,0,V12_noChunk,0,0,0,GMT,0,0
GLBABART,2020-02-16 17:00:28,0,0,0,26.9,23.4,20,15.9,16.5,16.7,16.7,17.1,16.1,14.1,15.1,14.2,15,13.9,12.9,14.7,14.7,17.8,15.7,16.9,16.7,32.9,31.9,17.9,17.9,18.6,18.6,19,19.9,0,22.5187944529003,37.1427744318898,0,0,0,0,0,0,0,0,0,0,V12_noChunk,0,0,0,GMT,0,0
GLBABART,2020-02-16 17:00:29,0,0,0,26,17.5,19.9,19.3,19,18.8,17.8,14,15.3,14.5,16.9,14.2,13.8,14.3,14.2,12.8,13.1,13.6,13.5,13.8,14.9,21.3,22.8,17.5,18.2,18.6,18.5,19.1,19.9,0,14.9959556068695,29.619935585859,0,0,0,0,0,0,0,0,0,0,V12_noChunk,0,0,0,GMT,0,0
GLBABART,2020-02-16 17:00:30,0,0,0,24.3,19.3,20.9,15.8,18.5,17.7,17.6,15,17.2,15.7,15.3,14.5,15.4,13.1,13.3,14.8,21.6,26.2,17.1,16.4,23.9,30.8,35.2,22.2,22,22.4,19.3,19.1,19.9,0,24.1503408457441,38.7743208247337,0,0,0,0,0,0,0,0,0,0,V12_noChunk,0,0,0,GMT,0,0
GLBABART,2020-02-16 17:00:31,0,0,0,26.2,20.8,18.8,18.9,15.4,16.4,12.9,16.7,16.2,16.2,15.1,15.4,14,13.7,13.1,14.5,23.4,24.9,16.2,17,21.8,33,34.3,23.3,23.4,20.1,19.4,19.2,20.1,0,24.2002363982172,38.8242163772068,0,0,0,0,0,0,0,0,0,0,V12_noChunk,0,0,0,GMT,0,0
GLBABART,2020-02-16 17:00:32,0,0,0,29,23,17,18.6,14.8,17.6,16.5,15.9,16.1,15.5,16.4,14.9,14.5,13.8,14.3,15.5,23.8,24.8,15.1,18.8,20.4,31.1,34.2,23.2,21.9,20.3,19.4,19.1,20,0,23.5508058295464,38.174785808536,0,0,0,0,0,0,0,0,0,0,V12_noChunk,0,0,0,GMT,0,0
GLBABART,2020-02-16 17:00:33,0,0,0,26.8,26.5,18.4,16.8,15.7,17.8,15,16.5,14.8,16.3,15,13.2,14.3,14.3,13.7,13.7,15.2,18,14.1,14,14.6,15.8,16.7,17.3,18,18.4,18.6,19.1,19.9,0,13.5663202569613,28.1903002359508,0,0,0,0,0,0,0,0,0,0,V12_noChunk,0,0,0,GMT,0,0
GLBABART,2020-02-16 17:00:34,0,0,0,28.8,22.2,18.5,15.4,15.7,17.4,14.6,15.8,16,15.9,16.5,15.5,14.7,14.4,13,16.7,22.7,22.9,14.5,17.9,24.4,37.2,38.2,29.6,23.5,21.8,20.4,19.3,19.8,0,27.8373166219278,42.4612966009174,0,0,0,0,0,0,0,0,0,0,V12_noChunk,0,0,0,GMT,0,0
GLBABART,2020-02-16 17:00:35,0,0,0,26.4,23,18.3,19.5,18,14.7,15.7,15.7,15.6,13.6,16.3,14.6,13.2,13.9,14,12.9,13.3,16.4,13.4,14,14.4,16.1,23.5,17.5,18.3,18.6,18.8,19.1,19.9,0,14.6849537177846,29.3089336967741,0,0,0,0,0,0,0,0,0,0,V12_noChunk,0,0,0,GMT,0,0
GLBABART,2020-02-16 17:00:36,0,0,0,27.9,25.1,21.5,15.6,16.1,17.5,17,15.4,15.5,14.7,16,15.5,13.8,14.7,14.3,13.5,13.8,14.1,13.3,13.9,14.5,16,16.8,17.5,17.6,18.6,18.8,18.9,19.8,0,13.2293058828389,27.8532858618284,0,0,0,0,0,0,0,0,0,0,V12_noChunk,0,0,0,GMT,0,0
GLBABART,2020-02-16 17:00:37,0,0,0,23.3,18,19.2,15.9,16.8,17.4,17.4,16.1,15.3,14.9,17.2,14.7,14.3,14.4,14.1,13.2,14.2,13.4,13.7,13.7,14.4,15.9,16.9,17.2,18,18.4,18.7,19.1,19.9,0,13.2009384969063,27.8249184758958,0,0,0,0,0,0,0,0,0,0,V12_noChunk,0,0,0,GMT,0,0
GLBABART,2020-02-16 17:00:38,0,0,0,28.3,19.2,18,16.2,20.1,18.1,16.8,15.7,16.6,16.9,15.9,15.2,14.2,15.3,15.1,13.1,17.7,19.8,15.2,14.6,15.3,17,17.4,17.5,17.6,18.5,18.7,19.1,20,0,14.3129772733933,28.9369572523829,0,0,0,0,0,0,0,0,0,0,V12_noChunk,0,0,0,GMT,0,0
GLBABART,2020-02-16 17:00:39,0,0,0,27.2,25,19,18.1,16.1,15.8,17.3,17.3,15.9,15.5,17.3,15,13.3,15.5,14.4,14.9,17.2,19.2,14.2,14.7,15.3,29.1,29.6,17.7,17.9,18.8,18.5,19,20,0,19.9429115788374,34.566891557827,0,0,0,0,0,0,0,0,0,0,V12_noChunk,0,0,0,GMT,0,0
GLBABART,2020-02-16 17:00:40,0,0,0,27.7,19.2,16.7,16.1,16.9,15.7,15,15.4,16.1,14.6,16.1,13.9,14.3,14.6,14.4,13.3,15.2,16.1,14.6,14.5,14.8,27.9,29.1,17.6,18,18.7,18.6,19.3,19.8,0,19.1524791692212,33.7764591482108,0,0,0,0,0,0,0,0,0,0,V12_noChunk,0,0,0,GMT,0,0
GLBABART,2020-02-16 17:00:41,0,0,0,20.7,20.2,20.6,18.9,15.8,17.2,15.4,14.2,15.6,14.1,15.1,15.7,14,14.8,13.9,13.6,13.7,13.8,13.5,14,14,23.5,21.8,17.6,18,18.6,18.6,19.1,20,0,15.2872201449503,29.9112001239398,0,0,0,0,0,0,0,0,0,0,V12_noChunk,0,0,0,GMT,0,0
GLBABART,2020-02-16 17:00:42,0,0,0,26,19.2,20.4,15.6,19,18.7,16.3,15.5,15.3,16.3,16,14.2,15.2,14.5,14.9,13.2,13.5,13.9,13.3,14,15,32.8,32.6,17.8,17.8,18.3,18.6,19.1,19.8,0,22.6164350702974,37.240415049287,0,0,0,0,0,0,0,0,0,0,V12_noChunk,0,0,0,GMT,0,0
GLBABART,2020-02-16 17:00:43,0,0,0,26.7,22.1,20.5,17.9,16.6,18.9,18.4,13.4,17.4,15.7,16.8,15.1,16,15.2,14.2,16.5,18.4,26.4,23,23.7,20.5,24,25,17.5,17.9,18.2,18.7,19.1,19.9,0,19.136373704443,33.7603536834326,0,0,0,0,0,0,0,0,0,0,V12_noChunk,0,0,0,GMT,0,0
GLBABART,2020-02-16 17:00:44,0,0,0,28.7,19.6,18.8,19.1,19.7,16.3,18,16.1,16.4,15.2,16.1,14.7,15.1,15.1,14.4,17.3,15.8,23.5,19.7,22.9,20.2,29.7,30.2,17.6,17.8,18.2,18.3,18.9,19.9,0,21.1129807678047,35.7369607467942,0,0,0,0,0,0,0,0,0,0,V12_noChunk,0,0,0,GMT,0,0
GLBABART,2020-02-16 17:00:45,0,0,0,26.8,18.9,18.3,17.1,15.9,19.7,14.7,19.2,16.1,14.9,16.8,16.1,15.3,14.6,14.7,16.3,17.3,23.3,19.8,22.6,19.2,30.3,32.8,17.7,17.8,18.6,18.5,19.1,19.8,0,22.3476400360865,36.9716200150761,0,0,0,0,0,0,0,0,0,0,V12_noChunk,0,0,0,GMT,0,0
GLBABART,2020-02-16 17:00:46,0,0,0,27.2,20.2,19,14.5,14.5,15.1,15.6,16,17.5,17.3,15.9,15.2,14.4,14.8,13.9,13.1,16.4,15.7,14.4,13.8,14.6,19.8,22.8,17.4,17.8,18.5,18.4,18.9,20.1,0,14.8996885830655,29.5236685620551,0,0,0,0,0,0,0,0,0,0,V12_noChunk,0,0,0,GMT,0,0
GLBABART,2020-02-16 17:00:47,0,0,0,27,23.2,22.9,19.4,17.3,18,16.8,17.3,16.5,17.9,16,14.7,14,13.8,14.2,13.2,13.8,12.9,13.8,14,14.1,22.4,23.3,17.2,17.7,18.3,18.8,19,19.9,0,15.2808642634835,29.9048442424731,0,0,0,0,0,0,0,0,0,0,V12_noChunk,0,0,0,GMT,0,0
GLBABART,2020-02-16 17:00:48,0,0,0,26.4,21.9,17.3,18.4,18,17.5,17.8,16.9,15.7,16.6,15.6,14.3,12.5,14.2,13.5,13.8,12.2,13.2,13.2,13.5,14.7,29.9,30.5,17.4,17.6,18.3,18.6,19,20,0,20.3704001883707,34.9943801673603,0,0,0,0,0,0,0,0,0,0,V12_noChunk,0,0,0,GMT,0,0
GLBABART,2020-02-16 17:00:49,0,0,0,26.6,22.4,20.6,19.6,15.8,19.2,15.2,17,17.7,15.3,16.7,16.4,13.8,14.4,14.4,12.6,13.6,13.1,14,14,14.1,15.3,16.3,17.5,18,18.6,18.5,19.1,20,0,13.1087467910915,27.7327267700811,0,0,0,0,0,0,0,0,0,0,V12_noChunk,0,0,0,GMT,0,0
GLBABART,2020-02-16 17:00:50,0,0,0,26.8,15.5,19.8,18.7,14.1,16.2,17.2,16.7,16.2,15.9,16,15.1,14.2,13.7,13.4,12.8,13.7,13.7,13.6,14,15.2,35.5,32.9,17.5,18,18.4,18.6,18.9,20,0,24.2250834250366,38.8490634040261,0,0,0,0,0,0,0,0,0,0,V12_noChunk,0,0,0,GMT,0,0
GLBABART,2020-02-16 17:00:51,0,0,0,29.6,22.2,20.3,17.5,15.9,18.6,15.1,17.2,16,15.1,14.4,14.7,13.3,13.9,13.6,14.2,13.7,14.4,13.3,13.7,14.9,26.3,22.4,17.7,17.9,18.6,18.5,19.1,19.9,0,16.4630751887749,31.0870551677645,0,0,0,0,0,0,0,0,0,0,V12_noChunk,0,0,0,GMT,0,0
GLBABART,2020-02-16 17:00:52,0,0,0,24.6,22.8,18.4,20.2,14.2,17.8,16.9,15.9,15.8,15.5,15.9,15.7,15.2,14.5,20.3,14.3,14.1,14.2,13.7,13.9,14.7,33.7,34.4,17.7,17.8,18.5,18.2,19.2,20,0,23.9014706290972,38.5254506080868,0,0,0,0,0,0,0,0,0,0,V12_noChunk,0,0,0,GMT,0,0
GLBABART,2020-02-16 17:00:53,0,0,0,28,20.8,20.8,17.3,15.6,18.4,16.6,17.6,14.8,16.4,15.6,14.4,13.5,14.4,13.1,13,14.3,19.4,16.5,15.9,15.8,17,17,17.3,17.7,18.4,18.6,19.2,19.8,0,14.1088223882152,28.7328023672047,0,0,0,0,0,0,0,0,0,0,V12_noChunk,0,0,0,GMT,0,0
GLBABART,2020-02-16 17:00:54,0,0,0,24.7,22,21.2,18.6,19.7,13.6,15.3,14.8,16.9,16,15.2,14.6,15.9,14.5,15.7,15.5,16.1,21.7,19.9,18.7,19.1,35.5,33.5,18.1,18,18.5,18.7,19,19.9,0,24.6094114110759,39.2333913900655,0,0,0,0,0,0,0,0,0,0,V12_noChunk,0,0,0,GMT,0,0
GLBABART,2020-02-16 17:00:55,0,0,0,25.9,21.7,20.8,19.2,19.3,17.4,16.9,16.1,17.1,15.8,15.6,13.6,14,12.8,14.7,13.4,13.5,14.3,14,13.8,14.7,30.1,30.5,17.3,17.7,18.5,18.6,18.9,19.9,0,20.5287054861932,35.1526854651828,0,0,0,0,0,0,0,0,0,0,V12_noChunk,0,0,0,GMT,0,0
GLBABART,2020-02-16 17:00:56,0,0,0,25.3,20.1,18.9,18.7,17.2,16.1,17.9,15.5,17.6,16.4,16.9,16.4,13.9,14,13.6,12.5,13.9,16.3,14,14,14.8,15.6,16.7,17.7,18.2,18.7,18.6,19.1,20.1,0,13.4549339338253,28.0789139128148,0,0,0,0,0,0,0,0,0,0,V12_noChunk,0,0,0,GMT,0,0
GLBABART,2020-02-16 17:00:57,0,0,0,24.1,19.5,19.5,16.2,18.4,17.2,14.7,14.9,17.4,15.2,16.5,14.2,14.6,14.6,15,13.4,14.9,20.4,16.3,14.9,15.5,35,35.9,17.8,17.7,18.3,18.5,19.2,19.9,0,25.2410609623373,39.8650409413268,0,0,0,0,0,0,0,0,0,0,V12_noChunk,0,0,0,GMT,0,0
GLBABART,2020-02-16 17:00:58,0,0,0,25.7,23.6,19.8,16.7,16,17.2,16.7,15.5,15.2,16.8,16.3,15.2,15,14.5,14.4,14.3,17.1,22.3,16.4,14.1,16.1,25.4,20.8,19.2,20.5,23,19.5,19.1,20,0,17.2489715087572,31.8729514877468,0,0,0,0,0,0,0,0,0,0,V12_noChunk,0,0,0,GMT,0,0
GLBABART,2020-02-16 17:00:59,0,0,0,25.8,19.6,18.8,16.8,17.7,14.1,16.2,16.2,16.4,17.7,16.5,12.8,14.7,15.9,17.3,16.1,18.2,24.2,19.1,16.6,17.5,35.2,35.7,19.5,20.2,21.7,19.1,19.4,19.8,0,25.4338334933049,40.0578134722944,0,0,0,0,0,0,0,0,0,0,V12_noChunk,0,0,0,GMT,0,0
GLBABART,2020-02-16 17:01:00,0,0,0,28.6,21.4,20.1,18.2,18.1,15.1,15.5,14.9,13.3,15.3,16.4,14.5,14.4,14.9,14.6,13.3,18.9,23.8,18.6,17.2,16.9,19.2,19.2,18.5,19.6,21.3,18.9,19.3,19.9,0,16.3028771225683,30.9268571015579,0,0,0,0,0,0,0,0,0,0,V12_noChunk,0,0,0,GMT,0,0
GLBABART,2020-02-16 17:01:01,0,0,0,24.6,20,16.5,16.4,18.5,16.4,16,16,15.8,13.7,14.6,15.7,14.5,14.1,15.5,14,13.2,14.1,14.2,14.3,14.9,32,35.2,17.6,18.7,18.9,18.6,19.1,19.8,0,23.6844779864857,38.3084579654753,0,0,0,0,0,0,0,0,0,0,V12_noChunk,0,0,0,GMT,0,0
GLBABART,2020-02-16 17:01:02,0,0,0,26.3,23.5,20.1,21.6,18,15.4,15,16.3,16.6,16.6,15.1,13.9,14.3,17.3,23.6,13.7,13.8,13.2,13.3,13.7,14.2,25.5,22.4,17.3,17.9,18.4,18.7,19,19.8,0,16.5817258884716,31.2057058674611,0,0,0,0,0,0,0,0,0,0,V12_noChunk,0,0,0,GMT,0,0
GLBABART,2020-02-16 17:01:03,0,0,0,27.5,20.3,14.3,20.1,18.4,16.1,15,15.3,14.2,15,16,16.1,13.2,14.7,12.9,13.4,13.7,13.7,14.1,13.4,15,35.5,34.7,18,18.1,18.3,18.7,18.9,20,0,24.8910498001183,39.5150297791079,0,0,0,0,0,0,0,0,0,0,V12_noChunk,0,0,0,GMT,0,0
GLBABART,2020-02-16 17:01:04,0,0,0,28.5,24.9,16.4,18.7,17.9,16.4,14.3,16.6,17.4,15.5,14,15.4,13.3,13.8,15.1,14.1,14,14,14,14.4,14.7,16.2,18.4,17.6,18.3,18.7,18.6,19,20,0,13.6005666017682,28.2245465807578,0,0,0,0,0,0,0,0,0,0,V12_noChunk,0,0,0,GMT,0,0
GLBABART,2020-02-16 17:01:05,0,0,0,27.4,21.8,15.4,17.7,13.8,13.8,17.7,14.3,15.5,14.6,15.7,14.3,14.9,14.4,14.8,16.7,15.7,26.3,20.4,23,20.1,19.5,17.6,19.1,18.2,18.6,18.4,19.2,19.8,0,17.5644393924839,32.1884193714734,0,0,0,0,0,0,0,0,0,0,V12_noChunk,0,0,0,GMT,0,0
GLBABART,2020-02-16 17:01:06,0,0,0,22.5,20.4,20.1,22.3,15.5,16.2,15.6,15.4,15.4,15.9,15.2,14.7,13.6,13.1,14.4,14.5,14,18,15.7,16.6,15.7,36.2,35.4,17.6,18,18.5,18.5,18.9,20,0,25.5741861154766,40.1981660944662,0,0,0,0,0,0,0,0,0,0,V12_noChunk,0,0,0,GMT,0,0
GLBABART,2020-02-16 17:01:07,0,0,0,23.3,18.3,20,19.3,12.2,16.4,16.8,14.4,15.1,12.4,16.9,14.3,12.7,13.6,13.5,13.7,14.2,21.9,17.8,14.6,14.6,19.6,20.4,17.3,18,18.3,18.6,19.1,20,0,15.1717473914567,29.7957273704462,0,0,0,0,0,0,0,0,0,0,V12_noChunk,0,0,0,GMT,0,0
GLBABART,2020-02-16 17:01:08,0,0,0,23.7,20.5,19.7,17.2,15.1,18,16.5,14.7,14.6,15.6,16.1,13.5,14.6,14,14.1,13.7,14.3,20.1,15.7,13.9,14.6,15.7,16.5,17.1,17.8,18.6,18.7,19.2,20,0,13.8923570380522,28.5163370170418,0,0,0,0,0,0,0,0,0,0,V12_noChunk,0,0,0,GMT,0,0
GLBABART,2020-02-16 17:01:09,0,0,0,26.9,20.7,20.6,18.8,17.7,17.8,17.3,17.2,14.2,16.8,17.4,14.7,13.7,14.6,13.7,13.4,14.3,12.8,13.9,13.5,14.7,31.7,33.6,17.4,17.8,18.5,18.7,19,19.9,0,22.6205750018264,37.244554980816,0,0,0,0,0,0,0,0,0,0,V12_noChunk,0,0,0,GMT,0,0
GLBABART,2020-02-16 17:01:10,0,0,0,22.5,18.3,21.6,15.7,13.9,17.5,16.3,15.8,15.5,14.9,15,14.9,13.3,14.2,12.9,13.2,14.4,13.4,13.9,13.8,14.6,32.5,30.8,17.5,17.7,18.3,18.5,19,19.9,0,21.7418203467819,36.3658003257715,0,0,0,0,0,0,0,0,0,0,V12_noChunk,0,0,0,GMT,0,0
GLBABART,2020-02-16 17:01:11,0,0,0,22.4,18.8,20.8,19.7,16.7,17.2,15.4,15.4,16.1,15.9,15.9,15,14.6,12.7,12.5,14,13.6,13.1,13.2,13.9,14,15.7,16.7,17.3,17.9,18.3,18.6,18.9,19.9,0,13.0145341052285,27.6385140842181,0,0,0,0,0,0,0,0,0,0,V12_noChunk,0,0,0,GMT,0,0
GLBABART,2020-02-16 17:01:12,0,0,0,22.8,19.6,18,17.1,17,17.9,16.9,15.9,15.7,15.3,16.4,12.9,13.3,15,15.3,12.9,12.9,13.6,13.8,13.5,14.3,15.8,16.9,17.1,17.8,18.7,18.5,19.1,19.9,0,13.1349992220599,27.7589792010495,0,0,0,0,0,0,0,0,0,0,V12_noChunk,0,0,0,GMT,0,0
GLBABART,2020-02-16 17:01:13,0,0,0,23.1,18.9,19.1,17.2,17.2,15.8,16.7,17.4,16.6,15.1,16.4,14.2,13.3,13,15.1,12.4,14.5,20.5,15.1,14.7,14.9,16,16.3,17.1,17.6,18.5,18.9,19.2,19.9,0,13.9501677707135,28.574147749703,0,0,0,0,0,0,0,0,0,0,V12_noChunk,0,0,0,GMT,0,0
GLBABART,2020-02-16 17:01:14,0,0,0,23.2,18.3,20.2,19.4,16.3,18,18.1,15.9,15.9,15.5,16.9,15.3,13.5,13.1,13.9,13.4,14.4,17.6,14.7,14.7,15.3,34.6,34.1,17.2,17.8,18.9,19.1,19.1,20,0,24.1653852322775,38.789365211267,0,0,0,0,0,0,0,0,0,0,V12_noChunk,0,0,0,GMT,0,0
GLBABART,2020-02-16 17:01:15,0,0,0,18.4,20.5,14.3,14.9,17.7,14.4,17.1,14.5,16.5,16,15.2,15.1,14,14.4,12.9,13.6,14.2,17.6,14.4,13.9,14.7,16.4,16.9,17.4,17.8,18.7,18.6,18.9,19.8,0,13.5533312508579,28.1773112298475,0,0,0,0,0,0,0,0,0,0,V12_noChunk,0,0,0,GMT,0,0
GLBABART,2020-02-16 17:01:16,0,0,0,18.6,19.5,19.1,18.6,19.1,15.9,14.4,14.9,16.5,15.8,15.8,14.9,13.5,13.6,13.1,14,13.7,19.7,14.7,14.1,15.5,34.2,35.3,17.4,18.1,18.5,18.4,19.1,20.1,0,24.6198502977162,39.2438302767058,0,0,0,0,0,0,0,0,0,0,V12_noChunk,0,0,0,GMT,0,0
GLBABART,2020-02-16 17:01:17,0,0,0,18,23.5,17.7,19.6,17.8,15.9,14.2,17,15.9,15,14.8,15.4,14.6,14.4,14.1,13.5,13,14.4,13.5,13.9,14.5,15.9,16.5,17.2,17.8,18.3,18.5,19.1,20,0,13.1282080948386,27.7521880738282,0,0,0,0,0,0,0,0,0,0,V12_noChunk,0,0,0,GMT,0,0
GLBABART,2020-02-16 17:01:18,0,0,0,19.2,21.2,17.8,18.1,15.9,14.4,16.4,15.6,15.6,15.8,16.1,14.6,13.7,14.8,14.7,15.6,19.1,28.7,19.4,20.7,17.6,31,30,17.4,17.6,18.5,18.9,18.9,20.1,0,21.945428493119,36.5694084721086,0,0,0,0,0,0,0,0,0,0,V12_noChunk,0,0,0,GMT,0,0
GLBABART,2020-02-16 17:01:19,0,0,0,24.9,22.9,16.9,18.5,14.4,12.6,16.8,17.2,13.7,16.5,15.6,14.1,13.6,14,14.9,16.5,16.9,25.4,17.6,20.4,18.4,33.4,33.7,17.6,17.4,18.3,18.5,19.3,19.9,0,23.802926598955,38.4269065779445,0,0,0,0,0,0,0,0,0,0,V12_noChunk,0,0,0,GMT,0,0
GLBABART,2020-02-16 17:01:20,0,0,0,19.6,18.9,20.9,18.8,17.4,15.7,16,14.7,16.6,15.2,15.8,15.4,14.5,13,13.9,15.2,14.6,18.4,15.4,16.9,15.8,16.3,16.7,17.7,18,18.5,18.4,18.8,19.8,0,14.0410943356469,28.6650743146364,0,0,0,0,0,0,0,0,0,0,V12_noChunk,0,0,0,GMT,0,0
GLBABART,2020-02-16 17:01:21,0,0,0,25,15.8,16.1,15,15.8,16.6,17.1,16.2,16.1,16.3,14.6,15,14.6,13.7,14.6,13.5,14,14,13.6,14.1,14.9,25.8,30.1,18.5,17.9,18.5,18.7,19.1,20,0,19.0123725961281,33.6363525751177,0,0,0,0,0,0,0,0,0,0,V12_noChunk,0,0,0,GMT,0,0
GLBABART,2020-02-16 17:01:22,0,0,0,19.2,20.7,18.1,16.4,15.9,14.9,15.6,15.6,15.8,15.2,16.4,15.5,13.3,11.4,13.5,13.3,14.5,15.2,13.7,14,14.9,29.1,25.7,17.9,17.8,18.5,18.5,19,20,0,18.4677891323161,33.0917691113057,0,0,0,0,0,0,0,0,0,0,V12_noChunk,0,0,0,GMT,0,0
GLBABART,2020-02-16 17:01:23,0,0,0,19.1,18.2,17.4,17.2,15,16.5,16.1,15.9,15.4,16.1,15.2,14,13.7,14.3,16.1,13.7,13.9,16.5,16.6,15.9,15.1,18,18.3,17.3,17.9,18.7,18.5,19.1,20,0,14.1291803320125,28.7531603110021,0,0,0,0,0,0,0,0,0,0,V12_noChunk,0,0,0,GMT,0,0
GLBABART,2020-02-16 17:01:24,0,0,0,20.9,17.7,14.5,21.5,18.6,18.5,15.4,16.5,16.4,16.1,16.5,14.5,15.5,17.2,21.8,18.1,19.4,18.9,16.9,15.3,15.6,16.7,17.5,17.4,18.1,18.6,18.6,19.1,20,0,15.1329023824615,29.7568823614511,0,0,0,0,0,0,0,0,0,0,V12_noChunk,0,0,0,GMT,0,0
GLBABART,2020-02-16 17:01:25,0,0,0,19.2,20.2,20.3,17,15.7,16.5,15.6,16.5,17,14.7,16.4,15.2,14.5,15.5,15.8,15.8,19.5,16.3,15.4,14.1,15.8,25.2,30.7,17.4,17.7,18.3,18.4,18.9,19.9,0,19.4198415466596,34.0438215256492,0,0,0,0,0,0,0,0,0,0,V12_noChunk,0,0,0,GMT,0,0
GLBABART,2020-02-16 17:01:26,0,0,0,23.1,20.9,18,19.6,17.6,18.8,17.7,14.2,15.5,16.6,16.1,13.5,15.3,17.6,15.9,17,20.8,27.4,21.7,23.6,18.6,30.9,28.7,17.5,17.5,18.3,18.5,19.1,20,0,21.7022488509426,36.3262288299321,0,0,0,0,0,0,0,0,0,0,V12_noChunk,0,0,0,GMT,0,0
GLBABART,2020-02-16 17:01:27,0,0,0,24.7,21.3,21,21.1,15.7,17.4,15,17.7,19.3,16.5,15.7,15.9,15.8,17,15,16.7,16.3,23.3,18.6,22.5,19.1,33.3,35.2,17.7,17.8,18.5,18.7,19.1,20,0,24.4764266261084,39.100406605098,0,0,0,0,0,0,0,0,0,0,V12_noChunk,0,0,0,GMT,0,0
GLBABART,2020-02-16 17:01:28,0,0,0,21.3,19.7,16.8,18.6,16.5,17.4,16.2,16.2,14.7,15.6,14.4,13.9,13.7,14.5,13.6,13.4,14.5,14.4,13.9,13.8,15,16.6,18.5,17.3,17.9,18.3,18.8,19.1,20,0,13.5263283740093,28.1503083529988,0,0,0,0,0,0,0,0,0,0,V12_noChunk,0,0,0,GMT,0,0
GLBABART,2020-02-16 17:01:29,0,0,0,19.9,17,18.4,17.2,19.6,15.5,16.9,15.7,14.8,14.8,18.1,15.3,13.4,13.8,13,13,13.3,13,14,13.6,15.2,33.5,36.2,17.7,18,18.4,18.4,18.7,19.9,0,24.7717259053936,39.3957058843832,0,0,0,0,0,0,0,0,0,0,V12_noChunk,0,0,0,GMT,0,0
GLBABART,2020-02-16 17:01:30,0,0,0,20,21.3,19.4,21.1,15.9,15.1,17.2,15.3,15,17.4,15.3,15.7,14.1,13.5,14.9,13.8,14.1,14.1,15.1,14.2,14.7,15.7,16.7,17.5,17.7,18.2,18.4,19.1,19.9,0,13.2965390387424,27.9205190177319,0,0,0,0,0,0,0,0,0,0,V12_noChunk,0,0,0,GMT,0,0
GLBABART,2020-02-16 17:01:31,0,0,0,24.4,22.1,20.3,17.1,18.3,17.6,16.6,15.8,16.7,16,15.7,14.1,13,16.9,17.5,15.1,14.5,15.4,14.6,14.4,14.2,16.6,17.6,17.6,17.5,18.4,18.6,19.2,19.9,0,13.7475072365951,28.3714872155846,0,0,0,0,0,0,0,0,0,0,V12_noChunk,0,0,0,GMT,0,0
GLBABART,2020-02-16 17:01:32,0,0,0,21.6,20.3,19.5,17.1,14.2,17.4,15.2,16.7,16.1,15.4,16.2,14.4,14.4,14.2,14.4,13.4,13.9,15.2,14.9,13.6,15.1,32.8,32.7,17.4,17.6,18.4,18.8,19.1,19.9,0,22.6752395648324,37.2992195438219,0,0,0,0,0,0,0,0,0,0,V12_noChunk,0,0,0,GMT,0,0
GLBABART,2020-02-16 17:01:33,0,0,0,24.5,19.9,17.2,15.4,13.5,17.6,19,17.1,16.6,14.8,16.8,15,14,15.6,17.5,12.9,13.6,14.7,13.2,13.6,14.5,15.6,17.8,17.2,17.9,18.7,18.6,19.2,19.9,0,13.4579085076132,28.0818884866028,0,0,0,0,0,0,0,0,0,0,V12_noChunk,0,0,0,GMT,0,0
GLBABART,2020-02-16 17:01:34,0,0,0,23,21.1,18.8,22.1,16.5,16.5,17,16.4,16.2,16.2,15.5,13.4,12.5,13.8,13.3,13.5,13.3,13.3,13.7,14.2,15.3,35.9,36.4,18.1,17.8,18.6,18.6,19.1,20,0,25.8053886925698,40.4293686715593,0,0,0,0,0,0,0,0,0,0,V12_noChunk,0,0,0,GMT,0,0
GLBABART,2020-02-16 17:01:35,0,0,0,20.4,18,20.1,16.4,19.4,16.8,15.6,14.2,16.6,15.4,16.8,12.7,13.5,13.7,13.7,13.3,12.9,13.4,14,14.1,15.1,30.3,27.2,18.2,17.5,18.3,18.7,19,19.9,0,19.4701246560384,34.0941046350279,0,0,0,0,0,0,0,0,0,0,V12_noChunk,0,0,0,GMT,0,0
GLBABART,2020-02-16 17:01:36,0,0,0,16.2,23.2,20.8,15.9,16.9,15.4,16.6,16,14.6,16.8,14.7,14,12.8,13.1,11.9,12.9,13,12.8,13.4,13.5,14.7,16,17.2,17.1,17.7,18.6,18.7,19.2,19.9,0,13.034869456253,27.6588494352426,0,0,0,0,0,0,0,0,0,0,V12_noChunk,0,0,0,GMT,0,0
GLBABART,2020-02-16 17:01:37,0,0,0,22.5,16.3,17.5,18.8,16,13.6,15.6,16.7,14.7,15.1,16.1,15.3,12.9,14.2,16.1,12.7,13,13.4,13,13.7,15.6,31.4,32,18.1,17.8,18.6,18.4,18.9,20,0,21.7382045741676,36.3621845531572,0,0,0,0,0,0,0,0,0,0,V12_noChunk,0,0,0,GMT,0,0
GLBABART,2020-02-16 17:01:38,0,0,0,20.7,18.1,17.6,19.5,14.5,13.4,17,15.9,15.2,15.7,14.4,14.8,14.6,13.5,14.5,13,12.8,14.7,13.6,14.1,14.5,22.5,28.6,18.1,17.6,18.3,18.7,18.9,20,0,17.5525326283212,32.1765126073108,0,0,0,0,0,0,0,0,0,0,V12_noChunk,0,0,0,GMT,0,0
GLBABART,2020-02-16 17:01:39,0,0,0,20,18.3,19.9,19,15.4,17.4,19.1,16.8,16.1,15.3,15.8,13.8,13.2,13.4,15.9,13.9,17,16.2,13.8,14.1,15.7,25.9,30.2,18.1,17.9,18.5,18.6,19.1,19.9,0,19.1755808803752,33.7995608593648,0,0,0,0,0,0,0,0,0,0,V12_noChunk,0,0,0,GMT,0,0
GLBABART,2020-02-16 17:01:40,0,0,0,20.4,20.4,20.3,20.7,17.4,18.6,14.2,16,16.2,16.4,15.3,13.4,14.2,14.5,12.7,12,13.8,12.8,13.6,13.7,17,21.8,23.1,17.9,17.8,18.6,18.9,19.1,19.9,0,15.2448433201814,29.8688232991709,0,0,0,0,0,0,0,0,0,0,V12_noChunk,0,0,0,GMT,0,0
GLBABART,2020-02-16 17:01:41,0,0,0,24.7,19.9,20.1,17.1,14.2,17.1,15.4,16.4,15.1,15.2,16.4,14.8,14.2,12.8,13.8,14,14.1,16.2,14,13.8,17.9,22.6,24.4,17.2,19.5,18.6,18.4,18.8,19.9,0,16.0686155555955,30.692595534585,0,0,0,0,0,0,0,0,0,0,V12_noChunk,0,0,0,GMT,0,0
GLBABART,2020-02-16 17:01:42,0,0,0,19.7,24.2,20.1,20.8,15.3,17.6,17.7,14,16,14,15.2,15.4,14,13.1,13.1,12.4,13.1,13.2,13.4,13.5,14.6,17.8,18.4,17.3,17.8,18.4,18.4,18.9,19.9,0,13.3910971605252,28.0150771395148,0,0,0,0,0,0,0,0,0,0,V12_noChunk,0,0,0,GMT,0,0
GLBABART,2020-02-16 17:01:43,0,0,0,22.3,21,18.2,18.6,17.7,17.6,17.4,16.1,15.9,15.1,15.8,14.6,14.3,13.9,13.6,13,12.8,13.6,12.9,13.7,16.1,20.6,24.6,17.4,18,18.3,18.7,19,19.9,0,15.4313253277907,30.0553053067802,0,0,0,0,0,0,0,0,0,0,V12_noChunk,0,0,0,GMT,0,0
GLBABART,2020-02-16 17:01:44,0,0,0,16.2,21.3,17.9,18.8,18.7,13.8,15.9,14.1,13.6,14.4,15.4,14.3,14.4,12.9,13,13.4,13.2,13.6,13.3,13.9,14.5,15.9,18,17.3,17.4,18.5,18.6,19,19.9,0,13.1587974435073,27.7827774224968,0,0,0,0,0,0,0,0,0,0,V12_noChunk,0,0,0,GMT,0,0
GLBABART,2020-02-16 17:01:45,0,0,0,21.7,21.6,18.1,20.3,15.5,17.3,14.8,16.7,16.6,15.2,16.3,14.5,13.6,12.9,12.8,13.3,12.4,13.9,13.7,13.6,14.3,15.7,17.8,16.9,17.7,18.3,18.5,19.1,20,0,13.0791225887821,27.7031025677717,0,0,0,0,0,0,0,0,0,0,V12_noChunk,0,0,0,GMT,0,0
GLBABART,2020-02-16 17:01:46,0,0,0,25.9,24.2,16.6,18,18.6,16.1,17.3,15.9,13.6,16.3,15.3,14.6,13.9,12.6,13.1,12.9,13.3,13.1,13.6,13.5,14.9,20.3,23.2,17.4,17.6,18.3,18.7,19,19.9,0,14.7980916202822,29.4220715992718,0,0,0,0,0,0,0,0,0,0,V12_noChunk,0,0,0,GMT,0,0
GLBABART,2020-02-16 17:01:47,0,0,0,19,15.3,17.3,16.4,19,18.6,17.3,13.6,17.6,16,17.2,14.8,12.8,14.3,12.6,13.5,13.3,14,13.4,13.6,15.3,19.2,21.3,18.8,18.7,18.8,18.8,19.3,19.9,0,14.4990137491838,29.1229937281734,0,0,0,0,0,0,0,0,0,0,V12_noChunk,0,0,0,GMT,0,0
GLBABART,2020-02-16 17:01:48,0,0,0,15.3,20.3,18.7,16.9,15.3,15.3,15.2,14.6,16,14.8,14.8,13.2,13.8,13.3,13.4,13.4,14,15.1,13.6,13.9,18.2,26,29.6,20.5,19.5,18.9,18.6,19.1,20,0,19.0579993257895,33.681979304779,0,0,0,0,0,0,0,0,0,0,V12_noChunk,0,0,0,GMT,0,0
GLBABART,2020-02-16 17:01:49,0,0,0,25.1,19.1,18.7,16.1,17.8,17.2,17.2,18.5,16.1,16.6,16.7,14.7,14.3,14.2,14.5,14.5,16,16.8,13.9,14.7,18.5,27.2,29.4,20.3,18.9,18.7,18.7,19,19.9,0,19.3360224928518,33.9600024718413,0,0,0,0,0,0,0,0,0,0,V12_noChunk,0,0,0,GMT,0,0
GLBABART,2020-02-16 17:01:50,0,0,0,16.2,14.7,20.5,19,20.1,14.3,14.3,13.6,16.7,15.9,14.7,15.3,14.9,14.7,13.8,14.5,16.3,16.2,13.7,14,18.4,24.7,28.4,20,19,18.9,18.5,19,19.9,0,18.2551998433048,32.8791798222944,0,0,0,0,0,0,0,0,0,0,V12_noChunk,0,0,0,GMT,0,0
GLBABART,2020-02-16 17:01:51,0,0,0,21.1,21.7,18.9,18.5,18.2,18.5,17.3,15.4,13.8,15.1,15.7,14,14,13.5,14.5,13.1,14,14,13.4,13.7,17.1,25.2,27.8,18.4,18.2,18.4,18.7,18.9,19.9,0,17.7740348689997,32.3980148479892,0,0,0,0,0,0,0,0,0,0,V12_noChunk,0,0,0,GMT,0,0
GLBABART,2020-02-16 17:01:52,0,0,0,22.5,18.7,22.7,16.7,14.2,18,17.9,15.8,15.9,14.9,16.2,15.1,13.2,13.9,14.4,14.1,14.9,13.9,13.8,14.6,14.7,16.5,17.7,17.6,17.6,18.6,18.6,19,20,0,13.477175645175,28.1011556241645,0,0,0,0,0,0,0,0,0,0,V12_noChunk,0,0,0,GMT,0,0
GLBABART,2020-02-16 17:01:53,0,0,0,20.1,22.4,19.2,17.6,16.2,18,15.6,16.1,15,15,15.9,14.5,13.2,13.9,13.4,13,14,14.2,13.7,14.1,14.3,15.7,16.9,17.7,17.7,18.4,18.5,19.2,19.8,0,13.174184376228,27.7981643552176,0,0,0,0,0,0,0,0,0,0,V12_noChunk,0,0,0,GMT,0,0
GLBABART,2020-02-16 17:01:54,0,0,0,18.6,20.2,16.9,16.2,18.3,17.7,14.8,15.9,16.3,15.9,16.3,14.7,13.3,14.1,13.9,13.2,12.9,13.8,13.9,13.8,14.2,16,17.2,17.6,17.8,18.5,18.6,19,20,0,13.1887158326414,27.8126958116309,0,0,0,0,0,0,0,0,0,0,V12_noChunk,0,0,0,GMT,0,0
GLBABART,2020-02-16 17:01:55,0,0,0,22.7,18.3,20.5,16.9,15.8,17.7,16.9,14.3,15.9,15.1,15.4,14.4,14.1,14,14.8,13.3,13.8,14.8,12.9,13.7,14.4,15.8,17.2,17.2,17.9,18.5,18.8,19.1,20,0,13.2311451752169,27.8551251542064,0,0,0,0,0,0,0,0,0,0,V12_noChunk,0,0,0,GMT,0,0
GLBABART,2020-02-16 17:01:56,0,0,0,21.4,20.9,19.1,19.5,17.7,16.6,15.1,15,14.6,16.1,16.2,15,13.5,13.2,12.8,12.8,13,13.2,13.8,14.1,15.9,20,20.8,17.4,17.9,18.5,18.7,18.9,19.9,0,14.2919053392184,28.915885318208,0,0,0,0,0,0,0,0,0,0,V12_noChunk,0,0,0,GMT,0,0
GLBABART,2020-02-16 17:01:57,0,0,0,16.1,20.7,19,19.4,15.2,15.4,15.8,17.4,17.4,16.5,15.3,14.7,13.1,13.3,13.7,12.9,14.5,17.8,14.7,13.5,17.8,23.9,23.1,19.8,21.3,22.1,19.2,19,19.8,0,16.7087065836909,31.3326865626805,0,0,0,0,0,0,0,0,0,0,V12_noChunk,0,0,0,GMT,0,0
GLBABART,2020-02-16 17:01:58,0,0,0,22.3,19.7,21.8,16.3,18.3,15.5,17.4,14.3,15.6,15.1,13.8,13.7,12.3,13.6,12.8,13.2,13.6,17.6,14.4,13,17.1,23.7,22.3,20,21.8,22.1,19.4,19,20,0,16.4775441698493,31.1015241488389,0,0,0,0,0,0,0,0,0,0,V12_noChunk,0,0,0,GMT,0,0
GLBABART,2020-02-16 17:01:59,0,0,0,21.9,17.6,19.3,15.5,17.8,14.7,16.4,15.1,16.7,17,16.7,15.9,12.2,12.7,13.4,12.9,14.6,17.6,14.3,13.9,16.5,21,21.7,20.4,21.6,21.3,19,19.2,20.1,0,15.8004077265367,30.4243877055263,0,0,0,0,0,0,0,0,0,0,V12_noChunk,0,0,0,GMT,0,0
GLBABART,2020-02-16 17:02:00,0,0,0,20.9,16.9,17,14,16.3,19.1,15.4,17.7,15.9,15,15.6,13.9,13.8,13.9,12.9,13.2,12.9,13.6,13.2,14.3,15.5,20.7,24,17.5,18.1,18.6,18.5,19.1,20,0,15.2407271895993,29.8647071685889,0,0,0,0,0,0,0,0,0,0,V12_noChunk,0,0,0,GMT,0,0
GLBABART,2020-02-16 17:02:01,0,0,0,19.4,22.2,18.5,18.7,15.4,15,18.3,16.3,15.4,14.9,16.1,13.4,13.8,12.8,12.9,13.1,12.8,12.8,13.5,13.8,15.6,19.5,21.3,17.5,17.8,18.6,18.6,19.3,19.9,0,14.2501227527235,28.874102731713,0,0,0,0,0,0,0,0,0,0,V12_noChunk,0,0,0,GMT,0,0
GLBABART,2020-02-16 17:02:02,0,0,0,20,20.2,22,16.9,16.9,18.3,16.6,16.4,13.8,16.1,14.3,14.2,12.9,13.3,15.1,14.2,14.8,20.1,20.9,17.7,16.2,18,17.8,17.3,18,18.3,18.7,19.2,19.9,0,15.0952982174366,29.7192781964262,0,0,0,0,0,0,0,0,0,0,V12_noChunk,0,0,0,GMT,0,0
GLBABART,2020-02-16 17:02:03,0,0,0,23,21.9,22.2,16.4,14.8,15.4,16.5,15.8,18.1,15,16.5,14.2,13.6,14.2,13.4,13.1,14.9,13.7,13.9,13.6,14.1,16.8,17.1,17.5,17.8,18.4,18.3,19.2,19.9,0,13.2916427031822,27.9156226821718,0,0,0,0,0,0,0,0,0,0,V12_noChunk,0,0,0,GMT,0,0
GLBABART,2020-02-16 17:02:04,0,0,0,21.4,21.7,17.1,14.6,17.7,16.7,15.3,16.1,15.2,16.7,14.9,15.2,14.3,13.3,12.9,13.3,13.7,12.8,13,13.3,15,20,24.1,17,17.9,18.4,18.7,19.2,20,0,15.051109529474,29.6750895084635,0,0,0,0,0,0,0,0,0,0,V12_noChunk,0,0,0,GMT,0,0
GLBABART,2020-02-16 17:02:05,0,0,0,22.3,23.5,16.9,18.5,17.7,15,16.6,15.4,18,14.6,15.2,14,14,13.6,13.1,12.8,12.9,12.7,13.1,14.3,23.1,36.6,35.5,17.9,17.7,18.2,18.6,19.1,19.8,0,25.8548739573082,40.4788539362978,0,0,0,0,0,0,0,0,0,0,V12_noChunk,0,0,0,GMT,0,0
GLBABART,2020-02-16 17:02:06,0,0,0,19.5,19.2,22.4,21.4,14.3,17.4,14.5,15.2,17.5,15.6,15.9,14.3,14.1,13.8,13.1,12.9,13.2,12.6,13.4,14.3,21.7,35.7,34.7,17.9,18.1,18.2,18.8,19.2,20,0,25.0558868082958,39.6798667872854,0,0,0,0,0,0,0,0,0,0,V12_noChunk,0,0,0,GMT,0,0
GLBABART,2020-02-16 17:02:07,0,0,0,24.4,19.8,18.6,17.4,16.6,18.4,16.3,18.1,15.3,15.8,16.1,13.4,13.4,13.7,14.2,13.2,12.5,13,13.4,14.1,17.5,23.9,26.7,17.3,17.6,18.4,18.6,18.9,19.8,0,16.8950816520074,31.5190616309969,0,0,0,0,0,0,0,0,0,0,V12_noChunk,0,0,0,GMT,0,0
GLBABART,2020-02-16 17:02:08,0,0,0,22.3,17,18.8,18.6,19.2,17.1,18.1,17.1,15.7,16.2,16.4,14.2,14.9,14.5,13.4,13.6,13,12.7,14.2,13.7,18.1,25.3,30,17.5,18.1,18.2,18.4,19.1,19.9,0,18.8931493829889,33.5171293619785,0,0,0,0,0,0,0,0,0,0,V12_noChunk,0,0,0,GMT,0,0
GLBABART,2020-02-16 17:02:09,0,0,0,21.2,19.4,18.9,18.2,17.1,17.7,16.8,16.9,17.7,14.5,15.7,15.1,12,14.4,13.6,12.9,13.4,13.2,13.4,13.9,15.7,23.2,29.2,17.5,17.6,18.5,18.5,19.1,20.1,0,17.9715309039964,32.595510882986,0,0,0,0,0,0,0,0,0,0,V12_noChunk,0,0,0,GMT,0,0
GLBABART,2020-02-16 17:02:10,0,0,0,22.6,19.5,19.9,17.4,14.8,17.4,17.6,14.9,17.4,16.6,14.8,15.5,12.5,14.5,13.7,13.3,13.8,13.9,14.1,14.3,24.7,27.5,25.7,17.9,17.9,18.6,18.7,18.9,20,0,18.5490888769991,33.1730688559886,0,0,0,0,0,0,0,0,0,0,V12_noChunk,0,0,0,GMT,0,0
GLBABART,2020-02-16 17:02:11,0,0,0,21.7,21.3,16.8,17.8,16.9,17.5,16.6,16.6,16.8,13.8,16.6,13.4,13.5,13.4,12.9,13.3,13.4,12.7,13.3,13.7,14.9,20.3,24.6,17.6,18,18.5,18.7,19.1,20,0,15.3194705549026,29.9434505338921,0,0,0,0,0,0,0,0,0,0,V12_noChunk,0,0,0,GMT,0,0
GLBABART,2020-02-16 17:02:12,0,0,0,23.7,16.4,16.3,17.5,18.6,15.9,14.2,15.8,17.8,15.3,15.8,13.3,14.8,14.2,13.6,13.6,13.2,13.6,13.4,14,23.9,24.4,24.4,17.4,17.6,18.7,18.8,19.1,19.7,0,17.1176632600297,31.7416432390193,0,0,0,0,0,0,0,0,0,0,V12_noChunk,0,0,0,GMT,0,0
GLBABART,2020-02-16 17:02:13,0,0,0,21.9,19,20,17.8,16.4,15.9,16.5,15.1,15.7,16.6,15.3,14.3,14.8,13.7,12.8,12.6,12.4,13,13.3,14.2,21.6,21.5,19.1,17.4,17.7,18.5,18.7,19.1,19.9,0,15.0203762147428,29.6443561937324,0,0,0,0,0,0,0,0,0,0,V12_noChunk,0,0,0,GMT,0,0
GLBABART,2020-02-16 17:02:14,0,0,0,22.6,20.2,22,18.5,16.3,15.3,15.8,16.6,16.4,16,16,15,13.3,13.2,12.9,13.1,12.8,12.6,13.7,14.1,15.1,17.1,19,17.1,17.8,18.2,18.5,18.9,19.8,0,13.4296538864579,28.0536338654475,0,0,0,0,0,0,0,0,0,0,V12_noChunk,0,0,0,GMT,0,0
GLBABART,2020-02-16 17:02:15,0,0,0,21.2,22.2,20.4,16.9,17.3,15,16.2,19.1,14.9,15.5,14.9,13.4,12.6,14.2,13.9,13.4,15.5,15.1,14.8,15.6,22.3,22,20.7,18,17.7,18.3,18.7,19,19.9,0,15.7192056888208,30.3431856678104,0,0,0,0,0,0,0,0,0,0,V12_noChunk,0,0,0,GMT,0,0
GLBABART,2020-02-16 17:02:16,0,0,0,27.1,18.8,22.7,19.1,14.5,17.7,16.4,14.4,16.4,15.7,15.5,15.5,14.3,14.1,13.9,14,15.2,14.4,14.5,14.6,19.4,22.4,25.9,17.8,18,18.5,18.6,19.2,19.7,0,16.6083048023529,31.2322847813425,0,0,0,0,0,0,0,0,0,0,V12_noChunk,0,0,0,GMT,0,0
GLBABART,2020-02-16 17:02:17,0,0,0,26.7,20.2,19.8,19.9,16.5,16.4,19.1,17.6,17.1,15.6,15.3,15.1,13.4,14.6,13.8,13,13.4,13.3,13.4,14.2,14.9,25.4,31.2,17.6,17.7,18.4,18.6,19,19.8,0,19.5318966639399,34.1558766429294,0,0,0,0,0,0,0,0,0,0,V12_noChunk,0,0,0,GMT,0,0
GLBABART,2020-02-16 17:02:18,0,0,0,21.3,17.9,20.2,19.8,16.9,15.5,15.2,15.2,16.2,14.9,15.5,15,13.8,14.8,13,13.8,13.4,12.9,13.5,13.5,14.5,20.6,25.9,17,17.7,18.4,18.7,19.1,19.9,0,15.8458356219642,30.4698156009537,0,0,0,0,0,0,0,0,0,0,V12_noChunk,0,0,0,GMT,0,0
GLBABART,2020-02-16 17:02:19,0,0,0,21.2,24.6,16.4,20.6,17.5,15.6,16.1,14.5,15.9,15.5,15.7,15.2,12.6,13.7,13.6,15.5,14.5,13.8,14.2,13.8,18.6,19.5,19.8,17.2,18,18,18.6,19.2,19.8,0,14.4063537937869,29.0303337727764,0,0,0,0,0,0,0,0,0,0,V12_noChunk,0,0,0,GMT,0,0
GLBABART,2020-02-16 17:02:20,0,0,0,15.6,18.7,17.1,17.9,16.2,12.4,15,16.5,16.1,15.5,16.3,13.9,13.7,13.9,13.4,12.3,14.1,13,12.8,13.7,14.6,16.5,18,17.1,17.9,18.4,18.6,19,20,0,13.230130116412,27.8541100954016,0,0,0,0,0,0,0,0,0,0,V12_noChunk,0,0,0,GMT,0,0
GLBABART,2020-02-16 17:02:21,0,0,0,18.8,19,18.4,15.5,15.5,16,17.1,16.3,16.7,15.4,16.5,14.8,14.2,14,13.1,12.1,12.7,13.7,13.6,14.4,19,27.3,29.1,17.4,17.9,18.5,18.7,19,19.8,0,18.952694234909,33.5766742138986,0,0,0,0,0,0,0,0,0,0,V12_noChunk,0,0,0,GMT,0,0
GLBABART,2020-02-16 17:02:22,0,0,0,17.8,17.4,17.4,15.8,18.1,15.2,16.4,14.1,15.5,15.1,15.9,15.7,14,12.7,13.3,12.6,12.8,13,13.2,13.8,16.7,20.5,18.9,17.3,17.9,18.4,18.5,19,19.9,0,14.0576492139048,28.6816291928944,0,0,0,0,0,0,0,0,0,0,V12_noChunk,0,0,0,GMT,0,0
GLBABART,2020-02-16 17:02:23,0,0,0,21,22.5,21.2,18.3,15,15.8,16.6,14,17.2,16.3,17.3,14.5,13.4,11.7,12.4,12.7,12.9,12.5,13.3,13.7,14.5,26,30.7,17.4,17.6,18.3,18.6,19.1,19.8,0,19.2767859864811,33.9007659654707,0,0,0,0,0,0,0,0,0,0,V12_noChunk,0,0,0,GMT,0,0
GLBABART,2020-02-16 17:02:24,0,0,0,25.2,17.2,20.1,19.5,16.9,17.6,18.4,17.8,14.3,13.6,14.8,15.5,13.2,12.9,13.9,13.3,12.5,12.9,13.7,14,23.6,24.8,22.6,18.3,17.7,18.3,18.7,19.1,19.9,0,16.7809941656396,31.4049741446292,0,0,0,0,0,0,0,0,0,0,V12_noChunk,0,0,0,GMT,0,0
GLBABART,2020-02-16 17:02:25,0,0,0,24.9,15.7,14.8,17.7,14,16.1,15.3,15.7,14.3,15.6,15.1,13.9,14.1,14.2,13,12.5,13.4,12.8,13.4,13.6,15,16.2,18.1,17.5,17.6,18.5,18.8,19,20,0,13.2591844930901,27.8831644720796,0,0,0,0,0,0,0,0,0,0,V12_noChunk,0,0,0,GMT,0,0
GLBABART,2020-02-16 17:02:26,0,0,0,21.4,21,17.8,18.9,15.6,14.6,16.9,16.6,16.4,16.2,15.9,15,14.4,14,13.6,13,12.5,13,14.3,14.5,25.9,27.1,24.9,20.2,17.8,18.4,18.5,19,19.8,0,18.592199794727,33.2161797737166,0,0,0,0,0,0,0,0,0,0,V12_noChunk,0,0,0,GMT,0,0
GLBABART,2020-02-16 17:02:27,0,0,0,22.8,18.2,18.6,17.9,17.1,16.6,13.8,16.7,15.5,16,15.1,15.6,13.4,14.2,13.6,13.1,13.8,13.9,13.8,13.9,15,22.6,27.1,17.7,17.5,18.6,18.8,19.1,19.9,0,16.773043143302,31.3970231222915,0,0,0,0,0,0,0,0,0,0,V12_noChunk,0,0,0,GMT,0,0
GLBABART,2020-02-16 17:02:28,0,0,0,19.9,20.6,18.7,15.4,16.3,17.4,16.1,15.6,15.1,15.8,14.3,14,12.4,13.9,15.3,13.9,14.4,18.1,18.5,17.2,22.2,21.4,21.4,18.1,18,18.3,18.6,19,19.9,0,16.1526763782606,30.7766563572501,0,0,0,0,0,0,0,0,0,0,V12_noChunk,0,0,0,GMT,0,0
GLBABART,2020-02-16 17:02:29,0,0,0,20.3,23.5,19.4,14.1,16.7,17.6,15,15.4,16.3,15.5,14.6,13.9,13.9,13.6,13,12.8,13.5,17,18,16.1,17.3,18.2,19.4,17.8,17.8,18.6,18.5,18.9,19.9,0,14.4927215571471,29.1167015361367,0,0,0,0,0,0,0,0,0,0,V12_noChunk,0,0,0,GMT,0,0
GLBABART,2020-02-16 17:02:30,0,0,0,21.2,16.1,19.2,17.8,16.2,15.6,13.9,13.6,15.2,15.7,15.5,14.2,14.1,13.2,13.3,12.6,12.8,12.7,13.1,14.1,16.6,23.2,28.7,17.4,17.7,18.3,18.6,19,19.9,0,17.658914894323,32.2828948733126,0,0,0,0,0,0,0,0,0,0,V12_noChunk,0,0,0,GMT,0,0
GLBABART,2020-02-16 17:02:31,0,0,0,20.4,19.3,20.8,15.1,16.6,16.3,15.7,16.2,15.5,13.7,16.5,14.9,12.9,14.2,13.5,12.5,14,17,20.2,19,17,24.8,27.9,17.6,17.8,18.7,18.7,19,20.1,0,18.1828989383432,32.8068789173327,0,0,0,0,0,0,0,0,0,0,V12_noChunk,0,0,0,GMT,0,0
GLBABART,2020-02-16 17:02:32,0,0,0,23.2,21.7,15.2,18.3,16.7,15.8,17.1,18.2,15.4,15.4,15.9,15.6,13.4,13.8,13,13.3,12.7,13.3,13.8,13.8,14.7,16.9,19.6,17.6,17.9,18.8,18.3,19.1,19.8,0,13.6130923583195,28.2370723373091,0,0,0,0,0,0,0,0,0,0,V12_noChunk,0,0,0,GMT,0,0
GLBABART,2020-02-16 17:02:33,0,0,0,22.2,21.3,17,16.5,15.6,16.8,17.2,15.8,16.4,16,15.9,14.1,13.6,13.8,13.3,13,13.2,13.3,13.5,14.6,26.8,25.9,24.5,18.5,17.8,18.3,18.7,19.1,19.9,0,18.3602401552868,32.9842201342764,0,0,0,0,0,0,0,0,0,0,V12_noChunk,0,0,0,GMT,0,0
GLBABART,2020-02-16 17:02:34,0,0,0,25.9,22.9,20.8,16.2,16.8,16.5,16.3,14.7,15.3,16.7,16.2,15.7,13.2,12.5,13.1,13,12.8,13.1,13,13.7,15.1,23.2,28.2,17.5,18,18.5,18.5,18.9,20,0,17.3623524291312,31.9863324081208,0,0,0,0,0,0,0,0,0,0,V12_noChunk,0,0,0,GMT,0,0
GLBABART,2020-02-16 17:02:35,0,0,0,25,23.5,18.7,20.2,20,16.8,15.8,16.7,15.7,15.4,16.2,13.3,14.2,13.1,13.1,13.1,15.3,19,15,16,26.6,28.7,22.5,18,18.1,18.6,18.6,19.2,19.9,0,19.1372456381697,33.7612256171592,0,0,0,0,0,0,0,0,0,0,V12_noChunk,0,0,0,GMT,0,0
GLBABART,2020-02-16 17:02:36,0,0,0,21.8,17.6,16.1,14.9,16.6,15.7,16.3,17.2,15.9,15.1,16.6,14.5,14.8,14.3,13.4,13.8,16,20.5,18.8,18.6,15.3,18.4,23.3,17.6,17.6,18.3,18.7,19.3,20,0,15.8440325663283,30.4680125453178,0,0,0,0,0,0,0,0,0,0,V12_noChunk,0,0,0,GMT,0,0
GLBABART,2020-02-16 17:02:37,0,0,0,21.9,22.4,20.5,17.7,16.4,14.3,17,17.6,17,15.6,14.1,13.9,13.4,13.8,13.4,13.9,13.9,16.1,13.2,14.6,16.9,20.7,21.9,19,17.6,18.3,18.8,19,19.9,0,14.9873421230322,29.6113221020218,0,0,0,0,0,0,0,0,0,0,V12_noChunk,0,0,0,GMT,0,0
GLBABART,2020-02-16 17:02:38,0,0,0,22.6,23.5,18.9,15.8,20.5,16.8,15.2,16.1,16.2,16.4,14.9,14.6,12.9,14.5,13.9,12.3,13.1,12.9,14.2,14.4,25,30,23.3,18.1,17.8,18.5,18.6,19.1,20,0,19.3298585111283,33.9538384901178,0,0,0,0,0,0,0,0,0,0,V12_noChunk,0,0,0,GMT,0,0
GLBABART,2020-02-16 17:02:39,0,0,0,20.6,19.5,19.8,17.7,14.1,16,18.3,14.1,15.8,15,18,14.8,11.9,14.3,13.4,13.1,13.6,13,13.4,13.8,22.9,29.7,28.7,17.5,17.9,18.3,18.7,19.1,19.8,0,19.9496168731141,34.5735968521037,0,0,0,0,0,0,0,0,0,0,V12_noChunk,0,0,0,GMT,0,0
GLBABART,2020-02-16 17:02:40,0,0,0,21.7,19.8,18.2,16.1,16.8,16.3,17.3,17,15.9,15.9,15.4,14.3,14.1,15,14.7,15,14.6,13.4,15.2,15,16.1,21,23.3,19.1,17.7,18.2,18.7,18.9,19.9,0,15.4053477367892,30.0293277157788,0,0,0,0,0,0,0,0,0,0,V12_noChunk,0,0,0,GMT,0,0
GLBABART,2020-02-16 17:02:41,0,0,0,20.5,18.3,18.5,16.5,17.8,18.2,18,15.7,18.1,13.4,15.4,15.4,13.9,14.4,13.7,13.1,13.9,13.1,13.7,14.1,17.4,25.3,30.4,20.8,17.6,18.8,18.8,19.1,20,0,19.2367083190958,33.8606882980854,0,0,0,0,0,0,0,0,0,0,V12_noChunk,0,0,0,GMT,0,0
GLBABART,2020-02-16 17:02:42,0,0,0,24.4,19.1,17.6,19.8,15.4,19,16.9,14.5,13.8,16,16.6,14.1,13.3,13.1,13.2,12.7,13.1,15,15.8,15.1,15,23.6,27.9,17.5,17.8,18.3,18.5,19.1,19.8,0,17.4153810975901,32.0393610765797,0,0,0,0,0,0,0,0,0,0,V12_noChunk,0,0,0,GMT,0,0
GLBABART,2020-02-16 17:02:43,0,0,0,25.1,19.8,20.9,18.6,18.8,16.5,17,15.2,15.5,15.7,14.9,15.2,13.3,15.5,15.5,13.8,15.2,15.8,15.1,15.6,27.5,28.1,27.2,18.4,18,18.4,18.4,19.1,20.1,0,19.8690256483245,34.493005627314,0,0,0,0,0,0,0,0,0,0,V12_noChunk,0,0,0,GMT,0,0
GLBABART,2020-02-16 17:02:44,0,0,0,26.3,21.9,21.7,18,17.3,19,16.1,17,14.9,16.8,16.3,14.4,15.4,16,14,13,14.4,16.8,14.6,14.6,14.9,15.9,17.3,17.1,18,18.5,18.7,19.2,19.9,0,13.6304425240145,28.254422503004,0,0,0,0,0,0,0,0,0,0,V12_noChunk,0,0,0,GMT,0,0
GLBABART,2020-02-16 17:02:45,0,0,0,24.6,21.5,22.4,15.3,17.3,17,14.2,17.8,13.4,16.9,16.2,14.4,13.9,14.2,14.1,13.9,13.9,16.5,13.8,13.7,14.5,18.3,22.5,17.5,17.9,18.2,18.6,19.1,19.9,0,14.5627825189899,29.1867624979794,0,0,0,0,0,0,0,0,0,0,V12_noChunk,0,0,0,GMT,0,0
GLBABART,2020-02-16 17:02:46,0,0,0,23.1,26.1,24.4,17.6,15.4,17.3,14.1,16,15.4,15.2,17.2,15.9,13.5,16.1,16.6,15.1,19,17.7,16.5,14.9,16.7,18.8,20.9,17.8,17.9,18.4,18.6,19.3,19.8,0,15.1102437754421,29.7342237544317,0,0,0,0,0,0,0,0,0,0,V12_noChunk,0,0,0,GMT,0,0
GLBABART,2020-02-16 17:02:47,0,0,0,27,26,19.9,17,16,16.9,17.1,16.4,15,17.2,15.3,13.9,15.2,14,14.9,14.7,14.7,17,19,16.9,15.6,16.4,17.9,17.2,17.5,18.5,18.7,19.2,19.8,0,14.290447666142,28.9144276451315,0,0,0,0,0,0,0,0,0,0,V12_noChunk,0,0,0,GMT,0,0
GLBABART,2020-02-16 17:02:48,0,0,0,21,19,20.6,16.5,14.1,18.2,15.2,14.3,15.9,13.8,16.8,14.9,11.9,13.5,13.6,13.9,14.2,18.1,16.2,15.3,15.1,16.8,21.1,17.2,17.8,18.5,18.5,19,19.9,0,14.3974178873119,29.0213978663014,0,0,0,0,0,0,0,0,0,0,V12_noChunk,0,0,0,GMT,0,0
GLBABART,2020-02-16 17:02:49,0,0,0,20.9,23.4,22.4,16.4,13.6,16.6,17,16.2,15.1,14.5,16,14.2,13.3,14.7,14.1,12.8,14,15.2,15.6,14.9,14.8,15.6,16.9,17.2,17.6,18.6,18.4,19,19.8,0,13.3893097059926,28.0132896849822,0,0,0,0,0,0,0,0,0,0,V12_noChunk,0,0,0,GMT,0,0
GLBABART,2020-02-16 17:02:50,0,0,0,25.5,21.7,17.6,14,17.9,14,16.2,17.5,14.6,15.3,16,15.3,13.8,13.9,13.7,12.7,12.9,13.3,13.2,14.2,14.8,15.7,17.1,17.2,17.6,18.3,18.5,18.9,19.8,0,13.0505998780564,27.6745798570459,0,0,0,0,0,0,0,0,0,0,V12_noChunk,0,0,0,GMT,0,0
GLBABART,2020-02-16 17:02:51,0,0,0,25.1,23.5,21.8,18.2,20,18.6,20.1,18.3,16.1,15.5,16.2,14.8,13.8,14.1,13,13.1,13.2,13.7,13.7,14.1,14.9,16.8,18.2,17.4,17.9,18.4,18.4,19.3,19.8,0,13.4205519297554,28.0445319087449,0,0,0,0,0,0,0,0,0,0,V12_noChunk,0,0,0,GMT,0,0
GLBABART,2020-02-16 17:02:52,0,0,0,24.1,22.9,20.7,19.1,19.8,16.7,16.3,16.2,16.5,16.2,16.4,15,14.4,14.2,13.9,13.9,13.5,12.5,12.4,13.8,14.6,17.1,20,17.5,17.8,18.3,18.4,19,20,0,13.6529705458771,28.2769505248667,0,0,0,0,0,0,0,0,0,0,V12_noChunk,0,0,0,GMT,0,0
GLBABART,2020-02-16 17:02:53,0,0,0,20.2,21.8,18.8,21.6,19,17.4,16.3,15.6,12,15,16.1,14.9,14.2,13.7,13.2,13.4,13.3,14,14.5,14.1,14.4,19.5,26.8,17.3,17.9,18.5,18.6,19,20.2,0,16.2362967627582,30.8602767417477,0,0,0,0,0,0,0,0,0,0,V12_noChunk,0,0,0,GMT,0,0
GLBABART,2020-02-16 17:02:54,0,0,0,23.2,21.8,19.9,17.3,21.1,16,16.2,15.4,14.7,15.5,16,14.1,14.1,13.4,13.4,13,13.1,13.3,13.1,14.1,14.6,16.4,17.3,17.3,17.8,18.5,18.7,19.2,19.9,0,13.1996301361745,27.8236101151641,0,0,0,0,0,0,0,0,0,0,V12_noChunk,0,0,0,GMT,0,0
GLBABART,2020-02-16 17:02:55,0,0,0,22.4,20.8,19.7,18.6,15.2,16.2,14.7,15.8,15.2,15.5,14.9,14.7,13.3,13.6,14.2,14.3,14.3,13.4,14,14.8,16,19.5,17.8,17.5,18,18.4,18.6,18.8,19.8,0,13.9078299163698,28.5318098953593,0,0,0,0,0,0,0,0,0,0,V12_noChunk,0,0,0,GMT,0,0
GLBABART,2020-02-16 17:02:56,0,0,0,25.8,21.4,21.6,17.6,17,18.8,15,15.2,16.8,15.1,15.5,13.4,14.5,14.3,13.8,13.3,12.9,12.8,13.2,13.6,14.4,17.8,25.9,17,17.6,18.5,18.4,19,19.9,0,15.5213724274506,30.1453524064402,0,0,0,0,0,0,0,0,0,0,V12_noChunk,0,0,0,GMT,0,0
GLBABART,2020-02-16 17:02:57,0,0,0,22.6,20.8,15.5,18,18.8,18.3,16.9,12.3,16.8,14.8,15.1,14.2,12.4,14.2,13.8,14.1,13.6,14.3,14,14.1,14.8,16,18.4,17.3,18.1,18.3,18.6,19.2,19.9,0,13.437309138766,28.0612891177556,0,0,0,0,0,0,0,0,0,0,V12_noChunk,0,0,0,GMT,0,0
GLBABART,2020-02-16 17:02:58,0,0,0,27.3,21.1,20.5,21.1,21.2,16,16.4,14,14.4,16.4,15,14.2,14.4,14.3,14.1,14.5,13.5,13.5,13,14.1,14.6,17.7,25.6,17.7,17.7,18.3,18.6,19,19.9,0,15.4685028654051,30.0924828443947,0,0,0,0,0,0,0,0,0,0,V12_noChunk,0,0,0,GMT,0,0
GLBABART,2020-02-16 17:02:59,0,0,0,20,20.1,23.4,22.2,18.7,18,18.8,14.1,15.2,16.4,16.5,14.1,13.2,14.7,13.6,13.2,13.5,13.1,13.6,14.1,14.9,22,32.1,17.7,18.1,18.5,18.9,19,19.8,0,19.7644120581185,34.3883920371081,0,0,0,0,0,0,0,0,0,0,V12_noChunk,0,0,0,GMT,0,0
GLBABART,2020-02-16 17:03:00,0,0,0,22.4,20.5,17.7,19.2,15.8,15.6,17.6,18.2,14.7,16,16.3,15.7,12.9,13.9,13.1,12.9,15.6,15.2,14.3,13.8,15.4,17.1,22.1,17.8,18.1,18.4,18.9,19.2,19.8,0,14.4482162043888,29.0721961833784,0,0,0,0,0,0,0,0,0,0,V12_noChunk,0,0,0,GMT,0,0
GLBABART,2020-02-16 17:03:01,0,0,0,24.6,22.1,20.8,21.3,13.2,17.8,16.4,14.4,17.4,17.1,15.9,15.6,14.2,14.8,14.1,13.2,13.9,13.6,13.4,14.2,14.2,16.2,16.9,17.4,17.5,18.5,18.7,19.1,19.9,0,13.2136880997956,27.8376680787852,0,0,0,0,0,0,0,0,0,0,V12_noChunk,0,0,0,GMT,0,0
GLBABART,2020-02-16 17:03:02,0,0,0,26,21.9,19.9,19.7,16.3,18.6,14.8,14.2,14.1,15.8,14.3,15.2,12.7,14.4,12.9,12.3,14.6,13.5,12.9,14.3,14.4,16.6,21.6,17.3,17.8,18.5,18.6,19.2,19.7,0,13.9634589221837,28.5874389011732,0,0,0,0,0,0,0,0,0,0,V12_noChunk,0,0,0,GMT,0,0
GLBABART,2020-02-16 17:03:03,0,0,0,17.1,21.6,18,17.6,15,11.4,17.8,16.3,15.3,14.6,16.3,14.5,13.2,14,12.8,12.8,12.5,13.2,13.8,13.8,14.8,15.9,19.9,17.1,17.8,18.5,18.6,19.2,19.9,0,13.4993965692176,28.1233765482072,0,0,0,0,0,0,0,0,0,0,V12_noChunk,0,0,0,GMT,0,0
GLBABART,2020-02-16 17:03:04,0,0,0,23.7,17.3,21.2,21.4,17.3,20.5,15.1,18,15.5,15.1,16,14.1,14,12.9,12.1,11.9,12.5,13.1,12.6,13.5,14,15.6,17,17.5,17.8,18.4,18.5,19,19.8,0,12.8942046160097,27.5181845949993,0,0,0,0,0,0,0,0,0,0,V12_noChunk,0,0,0,GMT,0,0
GLBABART,2020-02-16 17:03:05,0,0,0,22.1,20.5,10.5,18.5,15.2,16.3,17.4,17,16.2,15.4,16,14,14.1,13,14.3,13,13,13.9,14.5,13.7,14.6,15.7,18,17.5,18,18.4,18.6,19.1,19.8,0,13.333981189183,27.9579611681726,0,0,0,0,0,0,0,0,0,0,V12_noChunk,0,0,0,GMT,0,0
GLBABART,2020-02-16 17:03:06,0,0,0,23.5,18.7,21.6,15.6,16.5,13.9,15.1,15.2,15.2,15.1,16.2,15.3,13.7,14,13.8,13.2,13.8,16.1,15.4,14.6,14.7,15.8,17.3,17.1,17.5,18.3,18.8,19.1,19.8,0,13.4518849993008,28.0758649782904,0,0,0,0,0,0,0,0,0,0,V12_noChunk,0,0,0,GMT,0,0
GLBABART,2020-02-16 17:03:07,0,0,0,25.6,17.9,21.7,15.1,14.4,15.7,16.6,17.4,15.9,16.3,17.3,14.7,14.1,13.8,13.2,12.7,13.5,14,13.5,14,14.3,17.1,20.6,17.1,17.6,18.5,18.5,19,20.1,0,13.7673878022001,28.3913677811896,0,0,0,0,0,0,0,0,0,0,V12_noChunk,0,0,0,GMT,0,0
GLBABART,2020-02-16 17:03:08,0,0,0,20.5,19.1,19.1,17,16.7,15.4,14.7,15.1,15.8,15,16.3,13.8,12.8,14.4,12.7,12.9,13.9,13.1,13.6,13.6,14.8,18.8,27.8,17.5,18,18.7,18.6,19.1,19.9,0,16.676524833368,31.3005048123575,0,0,0,0,0,0,0,0,0,0,V12_noChunk,0,0,0,GMT,0,0
GLBABART,2020-02-16 17:03:09,0,0,0,21.3,20,20.4,17.1,15.2,20.1,16,16.4,15.1,14.7,16.1,15.6,14.8,13.3,13.6,13.1,13.9,13.9,13.7,14.1,15.3,18.8,18.1,17.6,17.7,18.4,18.5,18.9,19.9,0,13.709933518053,28.3339134970426,0,0,0,0,0,0,0,0,0,0,V12_noChunk,0,0,0,GMT,0,0
GLBABART,2020-02-16 17:03:10,0,0,0,28.4,18.8,21,20.8,17.6,16.2,15.1,15.9,15.5,14.4,14.8,14.3,13.8,14.1,13.4,13.7,14.1,13.6,14,14.2,15.4,22.3,31.8,18.3,17.7,18,18.7,19,19.7,0,19.6156646181815,34.239644597171,0,0,0,0,0,0,0,0,0,0,V12_noChunk,0,0,0,GMT,0,0
GLBABART,2020-02-16 17:03:11,0,0,0,22.9,22.2,20.3,20.4,19.9,18,16.9,15.7,15.7,16.1,15.7,14.8,14.1,14.2,13.9,13.3,13.4,17.5,15.1,14.4,17.5,23.8,33.7,19.3,17.7,18.6,18.6,19.2,20,0,21.2835723410011,35.9075523199907,0,0,0,0,0,0,0,0,0,0,V12_noChunk,0,0,0,GMT,0,0
GLBABART,2020-02-16 17:03:12,0,0,0,25.3,21.4,18.2,19.2,19.1,16.9,14.9,14.5,16.8,15.6,17.8,13.4,13.6,13.4,12.8,13.3,13.1,14,13.7,13.9,15.3,26.7,35.3,19.4,17.7,18.4,18.4,19.1,19.8,0,22.7499176121716,37.3738975911611,0,0,0,0,0,0,0,0,0,0,V12_noChunk,0,0,0,GMT,0,0
GLBABART,2020-02-16 17:03:13,0,0,0,20.8,22.8,17.7,15.2,19,16.9,15.7,17.7,16.7,15.9,16.1,14.9,13.6,14,14.1,13.5,12.8,14,13.7,14,18.5,25.4,26.2,17.9,18.2,18.5,18.6,19.3,19.9,0,17.2680549627361,31.8920349417256,0,0,0,0,0,0,0,0,0,0,V12_noChunk,0,0,0,GMT,0,0
GLBABART,2020-02-16 17:03:14,0,0,0,21.7,16.7,20.6,15.9,15.7,14.5,16.4,17.2,15.5,16.7,15.8,14.8,14,17,13.8,13.4,15.3,17.9,16.7,15.5,17.4,28,38.3,20.5,17.8,18.3,18.6,19.3,19.9,0,25.3751985330706,39.9991785120602,0,0,0,0,0,0,0,0,0,0,V12_noChunk,0,0,0,GMT,0,0
GLBABART,2020-02-16 17:03:15,0,0,0,25,23.2,20,20.6,17,15.2,16.1,15.5,14.9,16.3,14.9,15.3,13.1,14.7,13.5,12.5,14.5,17.3,16.1,15,16,23.6,25.7,18.1,17.9,18.5,18.6,19,20.1,0,16.6870340085389,31.3110139875285,0,0,0,0,0,0,0,0,0,0,V12_noChunk,0,0,0,GMT,0,0
GLBABART,2020-02-16 17:03:16,0,0,0,23.4,21.3,20.6,19.1,15.3,16.6,16.2,16.1,17.7,15.1,17.1,14.8,13.5,13.6,12.9,13.6,12.6,12.9,14,13.9,15.3,18.4,23.6,18.3,18.1,18.5,18.7,19.2,19.9,0,14.8589060597667,29.4828860387562,0,0,0,0,0,0,0,0,0,0,V12_noChunk,0,0,0,GMT,0,0
GLBABART,2020-02-16 17:03:17,0,0,0,22.8,20.8,20.8,18.2,15.6,16.1,16.4,14,16.5,15.8,17.2,14.3,14.2,14.6,14.1,13.1,13.2,15.6,14.6,15.3,19.1,28,37.4,18.1,17.8,18.5,18.4,19.2,19.8,0,24.6118099251713,39.2357899041609,0,0,0,0,0,0,0,0,0,0,V12_noChunk,0,0,0,GMT,0,0
GLBABART,2020-02-16 17:03:18,0,0,0,25.7,19.5,20.2,19.7,17.9,16.5,15.6,14.9,13.1,16,17.1,14.4,13,15.3,13.7,12.3,13.7,14.5,15,14.8,15.5,29.4,35.8,18.2,17.8,18.1,18.6,19.2,19.7,0,23.4537330277205,38.0777130067101,0,0,0,0,0,0,0,0,0,0,V12_noChunk,0,0,0,GMT,0,0
GLBABART,2020-02-16 17:03:19,0,0,0,21.7,18.6,20.3,18.4,18.1,16.4,17.2,16.3,15.8,15.6,15.9,15.3,14.3,15,14.4,13.6,13.1,13.7,13.9,14.1,15.2,28.5,40.3,18.1,17.9,18,18.6,19.1,19.9,0,27.1410807634722,41.7650607424618,0,0,0,0,0,0,0,0,0,0,V12_noChunk,0,0,0,GMT,0,0
GLBABART,2020-02-16 17:03:20,0,0,0,20.5,22.4,19.6,15.9,16,17.1,16.6,16.2,17.2,16.4,15.5,14.2,13,14.2,14.4,13.7,14.8,16.2,13.6,14,15.6,25,37.7,17.6,18.1,18.4,18.6,19.1,20,0,24.5764120908726,39.2003920698622,0,0,0,0,0,0,0,0,0,0,V12_noChunk,0,0,0,GMT,0,0
GLBABART,2020-02-16 17:03:21,0,0,0,25.3,21.9,19.1,18.1,20.7,18,17.3,15.5,16.7,14.4,16.8,14.8,15,15.1,15.2,13.5,13.1,15.1,13.5,14.5,14.7,24,34.4,17.8,17.8,18.5,18.5,19.3,19.9,0,21.6993265921461,36.3233065711356,0,0,0,0,0,0,0,0,0,0,V12_noChunk,0,0,0,GMT,0,0
GLBABART,2020-02-16 17:03:22,0,0,0,22.2,17.8,20.4,18.5,18.6,18.7,17.7,17.2,17.6,16.7,16.1,14.5,15.1,14.2,13.5,14.1,13.7,14.8,14,14.6,14.6,20.8,32.4,17.4,18,18.4,18.7,19.2,19.9,0,19.9455754279684,34.5695554069579,0,0,0,0,0,0,0,0,0,0,V12_noChunk,0,0,0,GMT,0,0
GLBABART,2020-02-16 17:03:23,0,0,0,23.5,19,23.8,16.1,14.7,18,14.9,13.3,15.6,15.2,16.5,15,14.2,13.4,14.5,13.3,13.4,13.9,14.3,13.9,14.2,15.7,16.4,17.2,17.7,18.4,18.4,18.9,19.8,0,13.0821647980613,27.7061447770508,0,0,0,0,0,0,0,0,0,0,V12_noChunk,0,0,0,GMT,0,0
GLBABART,2020-02-16 17:03:24,0,0,0,26.7,22.9,21.3,19.6,16.7,17.2,16.1,13.8,16.5,15.4,15.6,15.1,13.3,13.6,15,13.1,13.8,14,15.3,15.3,15,15.8,16.7,17.3,17.9,18.4,18.5,19.1,20,0,13.3899839798574,28.013963958847,0,0,0,0,0,0,0,0,0,0,V12_noChunk,0,0,0,GMT,0,0
GLBABART,2020-02-16 17:03:25,0,0,0,18,19.2,17.1,18.3,16.3,18.7,13.4,16,15.4,16.3,17.8,16.3,12.6,15.8,16.1,12.2,13.5,17.1,16.5,15.8,14.9,16.9,25.1,17.4,17.4,18.4,18.6,18.8,19.9,0,15.5793822858341,30.2033622648236,0,0,0,0,0,0,0,0,0,0,V12_noChunk,0,0,0,GMT,0,0
GLBABART,2020-02-16 17:03:26,0,0,0,22.8,20,17.7,12.9,14.3,17.9,16.7,14.9,15.2,16.1,15.7,13.4,14.3,13.2,13.3,12.7,12.8,13.3,13.9,13.9,14.2,15.7,16.3,17.2,17.8,18.3,18.6,18.9,19.9,0,12.9373298386628,27.5613098176523,0,0,0,0,0,0,0,0,0,0,V12_noChunk,0,0,0,GMT,0,0
GLBABART,2020-02-16 17:03:27,0,0,0,23.4,24.6,19.1,20.1,16.2,14.5,15.8,17.5,15.2,15.5,16.1,13.6,13.7,14.2,14,13.2,13.3,14.3,13.7,13.9,14.2,15.2,16.8,17.5,17.5,18.4,18.8,18.9,20.1,0,13.0741923590402,27.6981723380297,0,0,0,0,0,0,0,0,0,0,V12_noChunk,0,0,0,GMT,0,0
GLBABART,2020-02-16 17:03:28,0,0,0,21.8,20.1,17.5,16,20,20.1,16.8,14,16.6,14.3,13.7,13.8,12.9,14.9,12.9,14,14.2,13.7,13.3,13.4,14.3,16.2,21.1,17.4,17.8,18.3,18.5,19,20,0,13.8099117283104,28.4338917072999,0,0,0,0,0,0,0,0,0,0,V12_noChunk,0,0,0,GMT,0,0
GLBABART,2020-02-16 17:03:29,0,0,0,19.2,22.5,21,17.2,18.7,15.3,14.8,16.3,16.3,15.5,15,14.2,12.9,14.2,12.9,12.8,13.2,13.2,13.7,14.2,13.9,15.4,17.3,17.8,17.5,18.6,18.7,19.3,20,0,13.1140051519835,27.7379851309731,0,0,0,0,0,0,0,0,0,0,V12_noChunk,0,0,0,GMT,0,0
GLBABART,2020-02-16 17:03:30,0,0,0,22.3,21.5,17.6,22.4,17.5,18.2,17.9,15.7,15.9,16.4,16.3,14.4,12.9,14.4,13.1,13.4,13,13.8,14.3,13.7,14.9,16.3,17.6,17.3,17.8,18.4,18.7,19.2,20.1,0,13.3151823537081,27.9391623326977,0,0,0,0,0,0,0,0,0,0,V12_noChunk,0,0,0,GMT,0,0
GLBABART,2020-02-16 17:03:31,0,0,0,24.2,19.4,17.2,20.2,15,16.5,14.4,14.2,17.1,16.4,15.5,14.6,14.1,12.7,13.8,12.3,12.9,13.7,13.3,13.9,14.4,16.3,17,17.5,17.5,18.8,18.6,19.1,19.9,0,13.1342979185805,27.7582778975701,0,0,0,0,0,0,0,0,0,0,V12_noChunk,0,0,0,GMT,0,0
GLBABART,2020-02-16 17:03:32,0,0,0,21.2,21.4,23.6,19.1,16.3,15.5,17.8,15.4,16.5,15.8,15.6,14.7,13.1,14.3,13.1,12.5,13.1,12.9,13.2,14.2,14.9,15.5,16.3,17.6,17.6,18.6,18.6,19,19.9,0,13.0122651863506,27.6362451653401,0,0,0,0,0,0,0,0,0,0,V12_noChunk,0,0,0,GMT,0,0
GLBABART,2020-02-16 17:03:33,0,0,0,20.2,21.6,16.9,19.4,16,17.6,15.2,15.4,16.1,16.3,16.4,15.3,12.9,13.1,13.5,13.5,13.1,14.8,13.6,14.3,14.6,15.3,16.5,17.3,17.9,18.3,18.8,19,19.9,0,13.1308059061795,27.754785885169,0,0,0,0,0,0,0,0,0,0,V12_noChunk,0,0,0,GMT,0,0
GLBABART,2020-02-16 17:03:34,0,0,0,25,20.6,19,18.4,15.3,17.5,17.5,17,17.4,14.7,15.4,14.5,14.8,13.5,14.1,13,14.1,14.4,14.2,14.7,14.7,15.1,16.7,17.2,17.9,18.4,18.6,19.2,19.9,0,13.2288127038768,27.8527926828664,0,0,0,0,0,0,0,0,0,0,V12_noChunk,0,0,0,GMT,0,0
GLBABART,2020-02-16 17:03:35,0,0,0,23.1,23.8,18,18.8,14.2,18,15.3,13.9,15.1,15.5,16,15.4,13.1,13.1,14.4,13.1,14.6,13.6,13.8,13.9,14.8,16,22.1,17.4,17.6,18.6,18.6,19.1,19.9,0,14.1219811831444,28.745961162134,0,0,0,0,0,0,0,0,0,0,V12_noChunk,0,0,0,GMT,0,0
GLBABART,2020-02-16 17:03:36,0,0,0,19.7,21.3,17.5,18.8,17.3,16.6,16.8,15.5,14.9,14,15.9,14.6,14.3,14.7,13.4,13.5,14.3,13.6,13.5,14,14.5,15.3,16.7,16.9,17.7,18.3,18.3,19.3,19.9,0,13.0526547662465,27.6766347452361,0,0,0,0,0,0,0,0,0,0,V12_noChunk,0,0,0,GMT,0,0
GLBABART,2020-02-16 17:03:37,0,0,0,21.3,19.6,17.6,17.7,15,17.7,15.2,16.8,15.3,14.9,14.9,15.3,15.1,13.1,12.8,12.8,12.8,13.9,13.3,13.6,14.7,16,16.9,17.2,17.9,18.4,18.7,19,19.9,0,13.0881244896988,27.7121044686883,0,0,0,0,0,0,0,0,0,0,V12_noChunk,0,0,0,GMT,0,0
GLBABART,2020-02-16 17:03:38,0,0,0,24,22.2,19.2,16.7,18.8,17.2,16.7,16.7,14.2,16.1,16,14.4,12.8,13.9,12.8,12.1,13.2,13.2,13.1,13.8,14.4,15.9,16.4,17.4,17.7,18.4,18.7,19.1,20,0,12.972364640271,27.5963446192606,0,0,0,0,0,0,0,0,0,0,V12_noChunk,0,0,0,GMT,0,0
GLBABART,2020-02-16 17:03:39,0,0,0,23.1,19.6,17.7,16,18.3,17.4,16.8,13.4,17.3,15.4,16,15.1,14.5,14.4,12.8,12.6,12.8,13.3,13.2,14,14.7,17.2,19.1,17.3,17.7,18.5,18.8,19,20,0,13.5122113607639,28.1361913397535,0,0,0,0,0,0,0,0,0,0,V12_noChunk,0,0,0,GMT,0,0
GLBABART,2020-02-16 17:03:40,0,0,0,20.4,21.2,18.1,17.2,14,15.9,14.7,16.7,15.6,16.8,16.5,14.6,14.8,13.2,12.7,12.7,13.4,13.5,13.6,13.7,14.9,17.4,19.1,17.4,17.9,18.4,18.5,19.1,19.7,0,13.5509425887447,28.1749225677343,0,0,0,0,0,0,0,0,0,0,V12_noChunk,0,0,0,GMT,0,0
GLBABART,2020-02-16 17:03:41,0,0,0,21.6,22.8,17.2,19,12.5,15.9,16.3,14.7,16,15,16,14,13.8,14.8,14,12.4,13.4,12.6,13.6,14.5,14.7,16.7,17.8,17.7,17.9,18.4,18.7,18.9,20.1,0,13.3627078907594,27.9866878697489,0,0,0,0,0,0,0,0,0,0,V12_noChunk,0,0,0,GMT,0,0
GLBABART,2020-02-16 17:03:42,0,0,0,17.7,20.9,19.3,19.5,16,16.4,16.1,13.5,16.2,15.6,15.8,12.1,12.3,14.3,13,12.8,13.6,13.2,13.1,14.4,14.8,17.1,18.5,17.5,17.7,18.6,18.4,19.2,20,0,13.4286817857699,28.0526617647594,0,0,0,0,0,0,0,0,0,0,V12_noChunk,0,0,0,GMT,0,0
GLBABART,2020-02-16 17:03:43,0,0,0,21,18.4,15,15.9,18.9,14.3,16,16.6,16.5,15.8,17.3,14.6,12.8,13.8,14.2,12.9,13,14.2,13.6,14.5,16.8,21.7,26.1,18.3,17.6,18.5,19,19.2,20,0,16.3354151480257,30.9593951270153,0,0,0,0,0,0,0,0,0,0,V12_noChunk,0,0,0,GMT,0,0
GLBABART,2020-02-16 17:03:44,0,0,0,25.2,20.6,18.9,15.9,20.7,17.4,17.7,18.4,15.5,15.9,15,15.3,13.7,14,14.2,13.7,13.1,12.8,13.6,14.4,17.1,22.3,29.7,21,18.1,18.4,18.7,19,20.1,0,18.3903888583322,33.0143688373218,0,0,0,0,0,0,0,0,0,0,V12_noChunk,0,0,0,GMT,0,0
GLBABART,2020-02-16 17:03:45,0,0,0,23.6,14.4,21.8,18.8,18.9,20.4,19.3,19,15.8,16.5,16.4,15.7,14.3,14.5,13.8,13.5,14.1,13.8,14.4,19.4,25.8,33.8,39.2,30.5,21,19.2,18.5,18.9,19.8,0,27.4017246255648,42.0257046045543,0,0,0,0,0,0,0,0,0,0,V12_noChunk,0,0,0,GMT,0,0
GLBABART,2020-02-16 17:03:46,0,0,0,26.1,20.5,21.2,18.9,16.7,20.6,19.2,15.7,17.4,17,17.1,13.4,14.3,13.8,13.7,13.8,13.1,13.8,14.6,17,21,35,40,25.3,18.3,18.7,18.7,19.2,19.9,0,27.8417000408954,42.465680019885,0,0,0,0,0,0,0,0,0,0,V12_noChunk,0,0,0,GMT,0,0
GLBABART,2020-02-16 17:03:47,0,0,0,27.9,22.1,17.6,20.2,22.1,15.4,18.6,15.4,14.6,16,16.5,14.1,15,14.6,13.4,13,12.8,12.9,13.9,16.2,19.5,33.5,40.4,25.5,18.4,18.9,18.7,18.9,19.9,0,27.8235755173441,42.4475554963337,0,0,0,0,0,0,0,0,0,0,V12_noChunk,0,0,0,GMT,0,0
GLBABART,2020-02-16 17:03:48,0,0,0,21.3,24.2,19.8,17.6,17,15,15.7,16.3,16.9,15.8,16.1,14.4,14,13.8,12.6,13,13.6,13.1,13.7,14.8,17.9,33.2,38.6,24.5,18.3,18.7,18.7,19,19.9,0,26.371453650252,40.9954336292416,0,0,0,0,0,0,0,0,0,0,V12_noChunk,0,0,0,GMT,0,0
GLBABART,2020-02-16 17:03:49,0,0,0,23.8,23.4,18.4,16.8,15.9,16.7,15.6,14.6,14.5,15.5,16.2,14.3,13.2,13.6,13.5,13.3,12.7,13.1,13.4,14.6,15.9,28.3,32.8,19.3,17.9,18.1,18.3,19.3,19.9,0,21.1899348351686,35.8139148141581,0,0,0,0,0,0,0,0,0,0,V12_noChunk,0,0,0,GMT,0,0
GLBABART,2020-02-16 17:03:50,0,0,0,24,20.7,18.1,17.3,17.7,15.5,15.2,16.2,17.5,14.7,14.1,13.3,14.4,14.7,13.3,12.8,13.1,13.7,14.2,14.2,15.8,25.6,31.5,18.7,17.8,18.4,18.7,19,19.9,0,19.8150776458192,34.4390576248087,0,0,0,0,0,0,0,0,0,0,V12_noChunk,0,0,0,GMT,0,0
GLBABART,2020-02-16 17:03:51,0,0,0,21.9,22.6,17.6,20.7,15.6,17.8,15.4,15.4,17.4,15.1,15.5,15.8,13.9,13.3,13.1,13.4,12.7,13.4,13.9,14.5,15.2,30.9,37.7,20.8,17.9,18.4,18.7,19,20.1,0,25.1710152038768,39.7949951828664,0,0,0,0,0,0,0,0,0,0,V12_noChunk,0,0,0,GMT,0,0
GLBABART,2020-02-16 17:03:52,0,0,0,20.7,17,20.4,18.4,14.7,16.2,14.5,15.6,18.3,15.6,15.2,14.1,14.3,13.1,13.2,13.6,13.1,14,12.9,14,16.3,34,40.2,22,17.6,18.7,18.6,19.3,19.8,0,27.7377286555128,42.3617086345023,0,0,0,0,0,0,0,0,0,0,V12_noChunk,0,0,0,GMT,0,0
GLBABART,2020-02-16 17:03:53,0,0,0,25.8,20.5,15.1,20.7,16.2,18.3,15.2,16.3,17.2,16.2,15.6,14.7,14.1,14.3,14.3,13.1,12.8,13.9,13.9,14,15.7,31.8,37.5,21.4,18,18.6,18.6,19.1,19.8,0,25.2366229266645,39.860602905654,0,0,0,0,0,0,0,0,0,0,V12_noChunk,0,0,0,GMT,0,0
GLBABART,2020-02-16 17:03:54,0,0,0,21.7,19.4,20.7,18.8,16.2,17.8,16.2,17.2,16.3,15.8,14.8,16.1,13,14.1,13.8,13.3,13.5,13.2,13.7,14.1,17.6,28.5,34.8,19.1,17.7,18.2,18.7,19.2,19.9,0,22.6251012872953,37.2490812662849,0,0,0,0,0,0,0,0,0,0,V12_noChunk,0,0,0,GMT,0,0
GLBABART,2020-02-16 17:03:55,0,0,0,22.1,17,20.4,20.2,15,19.1,14,16.2,15.7,15.1,15.9,15.8,13.4,13.2,13.2,12.3,12.9,13.5,14.4,14.2,15.8,32,36.5,18.9,17.9,18.4,18.7,18.9,19.9,0,24.577649851839,39.2016298308286,0,0,0,0,0,0,0,0,0,0,V12_noChunk,0,0,0,GMT,0,0
GLBABART,2020-02-16 17:03:56,0,0,0,24.9,20.1,16.4,16.3,15.3,16.6,16,13.9,16.7,14.5,15.1,14.2,13.7,13.2,13.2,13.5,13.1,12.9,13.8,13.9,16.1,40.1,42.4,21.7,18.1,18.6,18.6,19.1,20,0,30.9478323418456,45.5718123208352,0,0,0,0,0,0,0,0,0,0,V12_noChunk,0,0,0,GMT,0,0
GLBABART,2020-02-16 17:03:57,0,0,0,21.2,18.2,22.5,19.7,21.2,15.9,16.5,16.9,15.4,16.6,16.4,13.6,13.2,13.2,13.1,12.1,13.2,13.6,13.4,14.4,15.5,31.9,38.7,20.2,18.1,18.7,18.6,19,20,0,26.1522807125516,40.7762606915412,0,0,0,0,0,0,0,0,0,0,V12_noChunk,0,0,0,GMT,0,0
GLBABART,2020-02-16 17:03:58,0,0,0,22.3,17.9,14.3,18.4,18.7,16.4,16.4,15,16.1,15.2,15.8,13.5,13,13.8,12.9,13.2,13.4,13.1,13.6,14.1,16.8,37.7,43.1,21.8,18,18.3,18.6,19,19.9,0,30.667094582735,45.2910745617246,0,0,0,0,0,0,0,0,0,0,V12_noChunk,0,0,0,GMT,0,0
GLBABART,2020-02-16 17:03:59,0,0,0,21.1,17.4,17.6,18.7,17.8,15.5,14.9,16.5,16.2,15.6,15.7,14.4,14.9,14.5,14.2,13.2,14.6,13.3,13.8,13.6,15.8,25.5,26.2,18,17.6,18.5,18.8,19.2,20,0,17.1631453216889,31.7871253006784,0,0,0,0,0,0,0,0,0,0,V12_noChunk,0,0,0,GMT,0,0
GLBABART,2020-02-16 17:04:00,0,0,0,16.4,20.3,16.9,19.7,12.9,16.8,14.7,12.4,16.3,15.6,15.9,14.4,13.9,13.9,13.7,13.8,14.6,13.8,14.1,13.8,16.3,26.8,28.6,18.7,17.8,18.4,18.6,19.2,19.9,0,18.5428774895367,33.1668574685263,0,0,0,0,0,0,0,0,0,0,V12_noChunk,0,0,0,GMT,0,0
GLBABART,2020-02-16 17:04:01,0,0,0,22.7,18,19.2,17.7,19.4,15.4,16.7,17.2,15.5,15.8,15.5,14.8,13.5,13.4,13.3,13.7,12.8,13.3,14.1,13.8,15.3,22.2,25,17.9,18.2,18.5,18.7,19.2,19.8,0,15.8776415524611,30.5016215314507,0,0,0,0,0,0,0,0,0,0,V12_noChunk,0,0,0,GMT,0,0
GLBABART,2020-02-16 17:04:02,0,0,0,20.4,22.1,15.4,19.5,19.3,15.6,14.4,14.2,14.3,14.5,15.9,15.1,13,14.1,13.5,13.3,13.5,13.2,13.3,13.8,16.3,37.9,42.1,21.9,18.1,18.4,18.4,19.2,19.9,0,30.0221701912948,44.6461501702844,0,0,0,0,0,0,0,0,0,0,V12_noChunk,0,0,0,GMT,0,0
GLBABART,2020-02-16 17:04:03,0,0,0,24,21,18.6,17.2,14.7,16.8,15.1,16.2,14.5,13.6,16.5,14.4,12.9,13.6,13.7,13.8,13.4,13.4,13.2,14.1,14.5,22.5,23.8,17.6,17.7,18.2,18.6,19.2,19.9,0,15.4728345057951,30.0968144847847,0,0,0,0,0,0,0,0,0,0,V12_noChunk,0,0,0,GMT,0,0
GLBABART,2020-02-16 17:04:04,0,0,0,23.9,21.9,18.4,16.4,17.1,16.5,15.5,14.8,15.1,14.6,16.1,14.4,13.1,13.8,12.6,12.8,13.7,14.1,13.4,13.4,14.9,17.6,19.1,17.3,17.9,18.3,18.5,19,19.9,0,13.5616581872779,28.1856381662675,0,0,0,0,0,0,0,0,0,0,V12_noChunk,0,0,0,GMT,0,0
GLBABART,2020-02-16 17:04:05,0,0,0,21.9,20.1,18.3,17.1,18.1,17.3,12.6,15.9,15,16.7,15.5,14.7,13.2,14.8,14.9,13.4,13.4,13.8,14.1,13.7,14.3,19.9,27,17.4,17.7,18.4,18.7,19,19.9,0,16.3388766943203,30.9628566733099,0,0,0,0,0,0,0,0,0,0,V12_noChunk,0,0,0,GMT,0,0
GLBABART,2020-02-16 17:04:06,0,0,0,21.9,21,19.2,17.8,17.1,17.2,15.7,15.4,15,15.8,15.6,15.1,13.4,13.7,12.8,13.2,13.5,13.4,14.2,13.8,15.2,29.9,38.3,18.4,17.8,18.6,18.5,19.1,19.9,0,25.5372770232247,40.1612570022143,0,0,0,0,0,0,0,0,0,0,V12_noChunk,0,0,0,GMT,0,0
GLBABART,2020-02-16 17:04:07,0,0,0,25.3,19.6,20.2,17.5,15,19.5,15.9,14.5,14.8,15.3,16.9,14.9,13.6,13.7,13.9,13.3,13.6,13.6,13.7,13.8,14.7,20.1,23.8,17.5,17.6,18.3,18.6,19.1,20,0,15.0225982315707,29.6465782105602,0,0,0,0,0,0,0,0,0,0,V12_noChunk,0,0,0,GMT,0,0
GLBABART,2020-02-16 17:04:08,0,0,0,20.3,23.9,18.9,19.1,17.3,15.9,17.1,16.5,16.3,14.5,15.6,14,13.8,13.7,13.3,13.6,12.8,13,13.6,13.7,14.3,18,19.4,17.6,18,18.3,18.4,19,19.8,0,13.6401986332615,28.2641786122511,0,0,0,0,0,0,0,0,0,0,V12_noChunk,0,0,0,GMT,0,0
GLBABART,2020-02-16 17:04:09,0,0,0,19.8,18.2,19.2,21.3,18.5,12.3,15.4,15.8,15.8,15.4,16.6,15.7,13.7,12.3,13.4,13.1,13.3,13.3,14.6,14,14.9,28.6,33.3,18.2,17.8,18.5,18.6,19.2,20,0,21.5598775647784,36.1838575437679,0,0,0,0,0,0,0,0,0,0,V12_noChunk,0,0,0,GMT,0,0
GLBABART,2020-02-16 17:04:10,0,0,0,17.5,23.1,17.9,20.2,17.7,16.2,15.2,16.2,14.3,15.5,15.5,14.7,14.1,12.7,14,12.9,12.9,13.2,13.2,13.9,14.5,31.5,36,19.8,18,18.6,18.8,19.2,20,0,24.0617598383983,38.6857398173878,0,0,0,0,0,0,0,0,0,0,V12_noChunk,0,0,0,GMT,0,0
GLBABART,2020-02-16 17:04:11,0,0,0,24.7,22.2,18.5,18.2,16.8,19.2,15,15,17.5,16.5,16.8,14.9,14.1,13,13.8,12.9,13.3,13.2,13.9,13.3,13.9,15.9,18.3,17.7,17.9,18.4,18.6,18.8,20,0,13.2697162517748,27.8936962307643,0,0,0,0,0,0,0,0,0,0,V12_noChunk,0,0,0,GMT,0,0
GLBABART,2020-02-16 17:04:12,0,0,0,20.4,17,16.3,15.4,14.7,14.8,18.1,13.2,15.3,16.9,15.4,15.7,14.5,15.6,14.9,14.1,14.9,14,14.4,13.9,14.3,17.5,19.9,17.2,17.7,18.3,18.6,19,20,0,13.8936491503828,28.5176291293724,0,0,0,0,0,0,0,0,0,0,V12_noChunk,0,0,0,GMT,0,0
GLBABART,2020-02-16 17:04:13,0,0,0,17,22.4,19.3,17.5,17.1,16.3,16.6,16.1,17.6,15.5,16,16,15,13.1,13.7,13.1,13.1,13.4,13.7,14.3,14.2,27.8,33.5,18.2,17.9,18.4,18.5,19,19.9,0,21.5276908689675,36.151670847957,0,0,0,0,0,0,0,0,0,0,V12_noChunk,0,0,0,GMT,0,0
GLBABART,2020-02-16 17:04:14,0,0,0,22,21.9,19.9,16.1,18.1,14.5,16.3,17.3,14,15,15.7,15.2,12.9,13.2,12.5,14,14.7,13,14,13.7,14.1,19.5,22.3,17.4,17.8,18.3,18.6,19.2,19.8,0,14.4798131009342,29.1037930799237,0,0,0,0,0,0,0,0,0,0,V12_noChunk,0,0,0,GMT,0,0
GLBABART,2020-02-16 17:04:15,0,0,0,21.1,20.3,18.3,18.9,16.2,17.6,14,15.6,14.1,16.3,16.8,15.5,13.3,14.6,13.8,13.8,13.5,14,13.8,13.5,14.4,15.8,16.7,17.3,17.5,18.3,18.7,19.1,19.9,0,13.1162724337738,27.7402524127633,0,0,0,0,0,0,0,0,0,0,V12_noChunk,0,0,0,GMT,0,0
GLBABART,2020-02-16 17:04:16,0,0,0,14.7,13.7,16,20.4,16.6,17.5,16.6,13.4,16,17.6,15.8,14.1,13.6,13.6,13.6,13.2,12.4,12.8,13.2,13.6,14.4,23.8,29.1,17.3,17.5,18.3,18.4,19.1,19.8,0,17.9036360188317,32.5276159978213,0,0,0,0,0,0,0,0,0,0,V12_noChunk,0,0,0,GMT,0,0
GLBABART,2020-02-16 17:04:17,0,0,0,23.2,20.4,17.2,12.9,16.8,14.8,16.2,15.9,15.6,16.7,14.6,15.1,13.4,13.6,14,13.5,13.2,13.9,13.4,14.1,14.5,17.9,20.5,17.3,18,18.4,18.6,19.2,20,0,13.8997228829579,28.5237028619475,0,0,0,0,0,0,0,0,0,0,V12_noChunk,0,0,0,GMT,0,0
GLBABART,2020-02-16 17:04:18,0,0,0,23.4,20.5,19.5,18.2,17.4,13,14.6,17.1,14.6,15.2,15.2,14.5,13.4,13.2,13.4,12.8,13.4,13.9,13.6,13.6,14.5,15.7,17,17.4,18,18.2,18.5,19.2,19.9,0,13.0792533967436,27.7032333757331,0,0,0,0,0,0,0,0,0,0,V12_noChunk,0,0,0,GMT,0,0
GLBABART,2020-02-16 17:04:19,0,0,0,22.4,20.3,19.1,18.6,14.4,18,17,17.8,15.8,15.2,14.1,14.5,13.6,13.2,12.9,13.1,13.3,14.7,13.9,14.1,14,17.7,20.4,17.5,17.7,18.1,18.6,19.2,20,0,13.8266999647865,28.450679943776,0,0,0,0,0,0,0,0,0,0,V12_noChunk,0,0,0,GMT,0,0
GLBABART,2020-02-16 17:04:20,0,0,0,23.5,20.1,15.5,14.9,15.9,15.6,14.9,15.5,16,14.1,15.3,14,13.6,13.7,14.3,12.7,13.5,13.2,13.9,13.4,14.4,15.7,16.7,17,17.8,18.6,18.5,19.2,19.8,0,13.0306507787742,27.6546307577637,0,0,0,0,0,0,0,0,0,0,V12_noChunk,0,0,0,GMT,0,0
GLBABART,2020-02-16 17:04:21,0,0,0,15.2,17,18.1,15,14.4,15.3,13.4,16.4,15.1,15.3,17.1,14.7,13.7,13.8,12.8,13.1,12.7,13.6,13.6,13.3,14.7,17.9,21.2,17.5,17.5,18.4,18.6,19.1,19.8,0,13.9574591944961,28.5814391734856,0,0,0,0,0,0,0,0,0,0,V12_noChunk,0,0,0,GMT,0,0
GLBABART,2020-02-16 17:04:22,0,0,0,24.5,17.4,18.8,18,16,18.9,14.4,15.2,14.5,15.7,16.8,15.3,12.7,13.8,13.3,13.3,13.3,13.2,13.6,14,14.2,17.8,21.9,17.4,18.2,18.7,18.8,19,20,0,14.2103785584718,28.8343585374613,0,0,0,0,0,0,0,0,0,0,V12_noChunk,0,0,0,GMT,0,0
GLBABART,2020-02-16 17:04:23,0,0,0,17.7,18.2,17.7,19.2,13.9,15.9,13.9,14.9,14.7,15.7,15.3,15.2,14.8,13.4,12.5,13.1,12.9,13.4,14,13.3,14.5,18.7,19.7,17.4,17.7,18.5,18.5,19.1,20,0,13.7672135787262,28.3911935577157,0,0,0,0,0,0,0,0,0,0,V12_noChunk,0,0,0,GMT,0,0
GLBABART,2020-02-16 17:04:24,0,0,0,21.3,18.8,18.1,19.5,19.1,16.5,15.7,16.2,15.6,15.9,15.5,14.9,13,13,12.7,13.3,13,13.1,13.3,13.8,14.4,19.3,19.8,16.8,17.5,18.4,18.7,19.2,19.9,0,13.794932104154,28.4189120831435,0,0,0,0,0,0,0,0,0,0,V12_noChunk,0,0,0,GMT,0,0
GLBABART,2020-02-16 17:04:25,0,0,0,15.5,20.1,21.3,18.1,20,16.6,14.6,16.5,14.3,16.3,15.2,14.1,12.6,12.7,13.3,12.4,14.1,12.9,13.5,13.2,14.1,25.2,26.1,17.4,17.7,18.5,18.5,19.1,19.9,0,16.8761378452924,31.500117824282,0,0,0,0,0,0,0,0,0,0,V12_noChunk,0,0,0,GMT,0,0
GLBABART,2020-02-16 17:04:26,0,0,0,17,21.2,19.9,20.1,16.7,17.9,16.3,17.4,14.6,15.2,15.4,15,12.7,12.4,13.7,13.4,13.1,13.7,14,13.9,14.9,22.3,20.9,17.1,17.7,18.4,18.5,19.1,20,0,14.7089451258549,29.3329251048445,0,0,0,0,0,0,0,0,0,0,V12_noChunk,0,0,0,GMT,0,0
GLBABART,2020-02-16 17:04:27,0,0,0,22.5,20.5,21.3,17.5,18.3,17.4,16.4,14.6,14.1,15,14.3,13.5,13.5,12.7,12.7,13.7,13.3,13.9,13.7,13.8,14.7,26.2,25.3,17.7,17.6,18.6,18.7,19.1,20,0,17.0410188504814,31.6649988294709,0,0,0,0,0,0,0,0,0,0,V12_noChunk,0,0,0,GMT,0,0
GLBABART,2020-02-16 17:04:28,0,0,0,21.7,21.4,18.9,16.8,18.4,18.7,17,15.6,14.5,13.8,15.3,14.4,13.6,14.5,13.7,13,14,13.7,13.8,14.3,14,26.3,23.2,17.3,17.8,18.4,18.6,19,20,0,16.5426961327994,31.166676111789,0,0,0,0,0,0,0,0,0,0,V12_noChunk,0,0,0,GMT,0,0
GLBABART,2020-02-16 17:04:29,0,0,0,21.6,21.5,15.5,14,14.6,16.9,16.1,15.6,15.9,15.1,16.1,14.6,12.3,14.3,13.7,13,13.1,14.7,13.3,13.5,15.3,27.5,24.5,17.4,17.9,18.4,18.5,19.1,20,0,17.4054073097349,32.0293872887244,0,0,0,0,0,0,0,0,0,0,V12_noChunk,0,0,0,GMT,0,0
GLBABART,2020-02-16 17:04:30,0,0,0,25.1,17.9,22,18.4,12.4,16.9,15.5,15.9,16.9,15.1,16.5,13.8,12.8,13.7,13.6,13.2,13.8,13.8,13.7,14.7,14.8,23.6,21.2,17.5,18,18.3,18.7,19,19.9,0,15.2175761236843,29.8415561026739,0,0,0,0,0,0,0,0,0,0,V12_noChunk,0,0,0,GMT,0,0
GLBABART,2020-02-16 17:04:31,0,0,0,16.2,20.6,19.6,19.4,17.1,19.4,17.2,14.1,14.3,16.7,14.3,14.5,13.5,14.4,13.5,12.7,13.7,13.5,13.7,14,14.4,24.5,22.8,17.7,17.9,18.3,18.7,19,19.9,0,15.7919290400664,30.415909019056,0,0,0,0,0,0,0,0,0,0,V12_noChunk,0,0,0,GMT,0,0
GLBABART,2020-02-16 17:04:32,0,0,0,22.2,19.6,17.1,19.5,19.1,17.8,15.8,13.6,16.2,14.3,16.7,13.8,14.2,15.7,14.2,13.8,12.7,12.9,13.7,14,14.4,20.4,19.7,17.7,17.6,18.5,18.3,19.1,19.9,0,14.1229762257611,28.7469562047506,0,0,0,0,0,0,0,0,0,0,V12_noChunk,0,0,0,GMT,0,0
GLBABART,2020-02-16 17:04:33,0,0,0,25.5,20.5,18.8,20.3,19,18.7,14.6,18.4,15.7,14.8,14.3,15.1,14.6,15.9,14.7,14.7,14.9,17.3,19.7,15.9,15.9,21.3,18.8,17.1,18,18.7,18.6,19,19.9,0,15.1302685512997,29.7542485302893,0,0,0,0,0,0,0,0,0,0,V12_noChunk,0,0,0,GMT,0,0
GLBABART,2020-02-16 17:04:34,0,0,0,20.5,22.1,20,18.4,16.2,14.2,12.1,14.8,16.1,15.5,16.6,15.2,15.3,14.8,15,14.7,17.7,18.7,20.1,15.7,16.1,23,22.8,17.5,18.1,18.6,18.5,19.2,19.9,0,16.3141604821516,30.9381404611412,0,0,0,0,0,0,0,0,0,0,V12_noChunk,0,0,0,GMT,0,0
GLBABART,2020-02-16 17:04:35,0,0,0,21.4,18.3,18.9,17.3,13.4,16.7,15.2,16.1,16.4,16.2,15.2,15.2,13,14.3,14.1,13.9,18.8,18.6,15.4,16,16.2,17,16.9,17.5,17.8,18.4,18.6,19.1,19.9,0,14.3108687385568,28.9348487175463,0,0,0,0,0,0,0,0,0,0,V12_noChunk,0,0,0,GMT,0,0
GLBABART,2020-02-16 17:04:36,0,0,0,23.5,19.4,16.9,14.4,18.4,15.2,13.3,17.1,15.6,14.8,16.6,14.2,12.5,13.5,12.4,13.7,13.9,14,13.2,13.8,14.9,28.3,25.5,17.4,17.9,18.5,18.7,19,19.7,0,17.9663247225637,32.5903047015532,0,0,0,0,0,0,0,0,0,0,V12_noChunk,0,0,0,GMT,0,0
GLBABART,2020-02-16 17:04:37,0,0,0,22.1,19,17.9,17,15.7,14.6,17.2,15.6,14.6,15.9,16.7,14.6,14.4,14.3,13.7,12.7,13.5,13.8,13.4,13.4,14.1,16.5,17.4,17.4,17.9,18.4,18.7,19,19.9,0,13.2204074802306,27.8443874592201,0,0,0,0,0,0,0,0,0,0,V12_noChunk,0,0,0,GMT,0,0
GLBABART,2020-02-16 17:04:38,0,0,0,22.1,20.3,21.9,15.3,16.5,19.4,14,14.5,15.6,16.2,17.3,14.4,14.1,14.6,13.7,12.6,13.7,14.2,13.5,13.9,14.5,28.1,25.4,17.7,17.9,18.5,18.7,19.2,19.7,0,17.9146536359011,32.5386336148907,0,0,0,0,0,0,0,0,0,0,V12_noChunk,0,0,0,GMT,0,0
GLBABART,2020-02-16 17:04:39,0,0,0,19.6,24.2,17.2,14.6,18.8,16,15.5,15.7,15.9,18.4,14.5,14.4,13.6,13.5,13.2,12.6,13.5,13.9,13.4,14,14.9,18.1,19.7,17.4,18,18.5,18.7,19.1,19.9,0,13.7785353310766,28.4025153100662,0,0,0,0,0,0,0,0,0,0,V12_noChunk,0,0,0,GMT,0,0
GLBABART,2020-02-16 17:04:40,0,0,0,21,20.5,21.2,15.9,13.8,19,14.1,16.2,15.1,14.3,15.8,14.2,13.6,14.2,14.3,13.4,13.7,13.2,13.4,13.7,14.5,26.1,22.4,17,17.9,18.4,18.7,19.1,19.9,0,16.2751914749336,30.8991714539232,0,0,0,0,0,0,0,0,0,0,V12_noChunk,0,0,0,GMT,0,0
GLBABART,2020-02-16 17:04:41,0,0,0,24.1,17.8,16.5,20.4,18.7,15,16.7,16.6,15.7,16.4,15.6,12.4,13.1,16,13.7,13.9,15.4,16.5,16.2,15,14.6,20.5,23.9,17.4,17.4,18.5,18.1,18.9,20.2,0,15.430694060333,30.0546740393226,0,0,0,0,0,0,0,0,0,0,V12_noChunk,0,0,0,GMT,0,0
GLBABART,2020-02-16 17:04:42,0,0,0,19.4,18,18,18.7,17.1,15.1,15.5,16,16.7,15.4,15.8,14.6,13.9,13.5,13,13.2,14.2,14.7,14.7,14.2,14,16,16.4,17.5,17.5,18.4,18.6,19.1,19.8,0,13.1748988823693,27.7988788613589,0,0,0,0,0,0,0,0,0,0,V12_noChunk,0,0,0,GMT,0,0
GLBABART,2020-02-16 17:04:43,0,0,0,24.9,19.6,15.6,19.4,18.4,16,15.7,15.3,14.5,15.4,13.8,13.2,12.9,13.7,13.9,12.4,13.1,13.8,13.9,13.7,14.6,24.4,24.6,17.5,17.5,18.3,18.6,19,20,0,16.1820668376222,30.8060468166117,0,0,0,0,0,0,0,0,0,0,V12_noChunk,0,0,0,GMT,0,0
GLBABART,2020-02-16 17:04:44,0,0,0,20.9,17.8,18.5,19.8,14.3,17.8,16.1,16.3,15.5,15,17,14.1,13.3,12.5,13,13.7,13.2,13.3,13.3,12.9,14.2,19,19,17.2,17.5,18.6,18.5,19,19.9,0,13.615848302328,28.2398282813176,0,0,0,0,0,0,0,0,0,0,V12_noChunk,0,0,0,GMT,0,0
GLBABART,2020-02-16 17:04:45,0,0,0,20.8,21.9,22.3,18.3,15.7,16.2,17,16.3,14.8,15.3,15,13.9,12.7,14.5,13.3,13.5,13.4,13.8,14,13.9,14.5,25.4,24,17.5,17.6,18.6,18.5,19.2,19.9,0,16.3890438283814,31.013023807371,0,0,0,0,0,0,0,0,0,0,V12_noChunk,0,0,0,GMT,0,0
GLBABART,2020-02-16 17:04:46,0,0,0,19.9,18.2,20.3,18.9,14.4,15.8,15.8,16.7,17,15.8,14.8,13.8,13.4,13.5,12.7,12.7,13.2,13.8,12.6,13.7,14.2,15.8,16.7,17.2,17.7,18.3,18.5,18.8,19.9,0,12.9169192064941,27.5408991854837,0,0,0,0,0,0,0,0,0,0,V12_noChunk,0,0,0,GMT,0,0
GLBABART,2020-02-16 17:04:47,0,0,0,19.3,21.6,18.4,17.7,15.4,16.4,17.4,15.3,16.6,15.7,17,14,15,14.3,13.1,12.5,12.8,13.4,13.2,13.9,14.3,20.1,19.8,17.6,17.7,18.4,18.5,19.1,20,0,14.0225909055005,28.64657088449,0,0,0,0,0,0,0,0,0,0,V12_noChunk,0,0,0,GMT,0,0
GLBABART,2020-02-16 17:04:48,0,0,0,16,19.7,19.6,19.1,16.6,18.1,14.6,16,14.6,15.5,15.2,14.3,14.2,13.7,13.3,12.7,13.2,12.4,13.5,13.8,14.7,25.4,24.1,17.1,17.6,18.4,18.6,19,19.9,0,16.3264960839909,30.9504760629804,0,0,0,0,0,0,0,0,0,0,V12_noChunk,0,0,0,GMT,0,0
GLBABART,2020-02-16 17:04:49,0,0,0,22.4,19.5,18.1,21.2,18.2,15.8,17,15.6,16.7,16.4,15.7,15.5,14.9,17.7,15.4,14.3,15.8,15.1,13.9,14.8,15.1,18.9,18.3,17.2,17.8,18.4,18.5,19.1,20,0,14.1017847412679,28.7257647202575,0,0,0,0,0,0,0,0,0,0,V12_noChunk,0,0,0,GMT,0,0
GLBABART,2020-02-16 17:04:50,0,0,0,19.7,20.2,18.6,16.7,17.9,16.5,18.4,15.1,17,15.9,16.9,13.5,13.6,13.3,13.1,12.6,13.3,12.6,12.7,13.5,14.8,25.6,21.7,17.5,17.7,18.6,18.3,19,20,0,15.9382177619316,30.5621977409211,0,0,0,0,0,0,0,0,0,0,V12_noChunk,0,0,0,GMT,0,0
GLBABART,2020-02-16 17:04:51,0,0,0,23.8,20.8,21.1,19.1,14,15,16.8,14.5,16.5,16.4,15.3,13.7,13.2,14,15.3,13.3,15,17.8,17.3,17,16.5,16.3,16.8,17.3,17.6,18.4,18.5,19,19.9,0,14.0997771154251,28.7237570944146,0,0,0,0,0,0,0,0,0,0,V12_noChunk,0,0,0,GMT,0,0
GLBABART,2020-02-16 17:04:52,0,0,0,21.4,13.1,18,20.4,17.6,16.3,16.7,16.3,14.6,15.3,16.7,14.7,13.9,14.8,15.2,13.7,15.8,18.4,18.6,17.2,16.7,29.1,21.7,17.4,18.1,18.2,18.5,19,19.9,0,18.2683769715823,32.8923569505719,0,0,0,0,0,0,0,0,0,0,V12_noChunk,0,0,0,GMT,0,0
GLBABART,2020-02-16 17:04:53,0,0,0,20.2,23,18.8,17.9,16.1,17.3,17.2,17.5,15.9,16.9,15.3,15.2,13.5,15.3,14.5,13.1,14.7,14.9,13.9,13.3,14.6,15.4,17.4,17.5,17.9,18.4,18.6,18.8,20,0,13.321792429389,27.9457724083786,0,0,0,0,0,0,0,0,0,0,V12_noChunk,0,0,0,GMT,0,0
GLBABART,2020-02-16 17:04:54,0,0,0,15.4,21.1,15.5,19.5,13.9,15.8,16.8,17.9,14,16.4,15.8,14.2,14.7,14,14.2,13.8,13.6,13.8,13.1,15.3,14.7,25.4,21.1,17.2,18,18.6,19.1,19.1,20,0,15.8967310939494,30.5207110729389,0,0,0,0,0,0,0,0,0,0,V12_noChunk,0,0,0,GMT,0,0
GLBABART,2020-02-16 17:04:55,0,0,0,22.6,21.3,17.2,16.6,12.6,15.5,17.9,16.3,14.9,14.4,15.1,14.3,13.9,13.3,12.6,13.4,14.3,14.6,14.4,15,14.5,25.3,23.5,17.6,17.7,18.5,18.7,19.2,20,0,16.3105711514026,30.9345511303921,0,0,0,0,0,0,0,0,0,0,V12_noChunk,0,0,0,GMT,0,0
GLBABART,2020-02-16 17:04:56,0,0,0,21.8,21.6,18.9,19.1,17.2,14.8,14.1,16,16.7,16.5,16.3,17.7,16.5,16.6,16.2,13.8,17.5,16,14.5,15.1,14.4,15.7,16.6,17.3,18,18.4,18.7,19,19.9,0,13.8310904239585,28.4550704029481,0,0,0,0,0,0,0,0,0,0,V12_noChunk,0,0,0,GMT,0,0
GLBABART,2020-02-16 17:04:57,0,0,0,21.2,18.7,17.4,17.5,16.3,16.3,15.9,15.1,15.4,16.7,16.1,14.2,13.9,13.5,14.3,13.5,13.2,14.2,13.2,13.7,14.7,23.6,21.5,17.3,17.7,18.4,18.9,19.2,20.1,0,15.2236533814737,29.8476333604632,0,0,0,0,0,0,0,0,0,0,V12_noChunk,0,0,0,GMT,0,0
GLBABART,2020-02-16 17:04:58,0,0,0,19.6,19.4,19.6,15.6,15.7,15.9,15.4,16.9,15.7,15.1,15.8,14.7,14.2,14,14.1,12.9,13.3,13.4,13.7,13.8,14.2,17.2,17.2,17.4,18.1,18.5,18.5,19.1,19.9,0,13.3035172508831,27.9274972298726,0,0,0,0,0,0,0,0,0,0,V12_noChunk,0,0,0,GMT,0,0
GLBABART,2020-02-16 17:04:59,0,0,0,19.6,18.8,16.2,16.9,16.7,13.7,16,15.6,14.5,16.9,15.9,15.8,13,13.5,13.3,12.9,13.2,13.1,13.3,14.3,14.6,29.7,27.1,17.5,17.8,18.3,18.7,19.1,19.8,0,19.1052023486763,33.7291823276659,0,0,0,0,0,0,0,0,0,0,V12_noChunk,0,0,0,GMT,0,0
GLBABART,2020-02-16 17:05:00,0,0,0,18.5,19.1,19.5,15.8,16.3,16.6,16.6,17,15.8,16.7,16.7,13.5,13.2,13.7,13.3,12.6,12.4,13.2,13.6,14,14.5,16.5,18.5,17,17.7,18.4,18.5,19.2,19.8,0,13.275227016965,27.8992069959546,0,0,0,0,0,0,0,0,0,0,V12_noChunk,0,0,0,GMT,0,0
GLBABART,2020-02-16 17:05:01,0,0,0,22.1,18.4,18.4,15.8,20.3,15.6,16.8,14.4,16,16.1,15.3,14,12.6,14.6,13.7,14.1,13.5,13.9,13,13.9,13.9,19,18,17.3,17.8,18.7,18.4,19.2,19.8,0,13.6107933651678,28.2347733441573,0,0,0,0,0,0,0,0,0,0,V12_noChunk,0,0,0,GMT,0,0
GLBABART,2020-02-16 17:05:02,0,0,0,18.4,18.9,16.5,16.9,17,17.6,16.6,17.7,14.1,15.6,15.6,15,14.2,13.6,13.4,13.7,14.4,17.2,17.2,15.9,15.4,15.4,16.6,17.6,17.8,18.4,18.6,19.1,20.1,0,13.8135623749633,28.4375423539528,0,0,0,0,0,0,0,0,0,0,V12_noChunk,0,0,0,GMT,0,0
GLBABART,2020-02-16 17:05:03,0,0,0,17.3,20.5,18.6,16.2,16.5,17.4,14.5,15.4,16.6,15,15.2,16,13.1,13.7,13.8,13.9,16.3,18.7,18.2,17.1,16.5,24.3,21.2,17.4,17.8,18.6,18.5,18.9,20,0,16.1696218771321,30.7936018561217,0,0,0,0,0,0,0,0,0,0,V12_noChunk,0,0,0,GMT,0,0
GLBABART,2020-02-16 17:05:04,0,0,0,22.5,23.3,16.9,17.4,15.2,19.3,16.8,17.9,15,16.5,15.1,14.6,13.7,13.5,12.8,13.1,13.7,13.1,13.6,13.9,14.3,15.4,16.8,17.1,17.9,18.5,18.6,19,19.8,0,13.0027282516002,27.6267082305897,0,0,0,0,0,0,0,0,0,0,V12_noChunk,0,0,0,GMT,0,0
GLBABART,2020-02-16 17:05:05,0,0,0,20.7,19.3,14.8,19.3,16.6,17.4,16.3,13.7,16.7,15.4,16.3,14.7,13.9,14.5,12.6,13.5,14.1,13.3,13.1,13.4,14.1,24.8,21.8,17.4,18,18.4,18.5,19,19.9,0,15.6504028014382,30.2743827804277,0,0,0,0,0,0,0,0,0,0,V12_noChunk,0,0,0,GMT,0,0
GLBABART,2020-02-16 17:05:06,0,0,0,22.5,22.8,19.9,19.8,15.9,16.7,16.2,15.1,14,16.1,16.9,13.2,13.3,14.7,13.7,12.8,14.2,13.3,13.7,13.6,14.6,15.6,16.7,17.3,17.5,18.6,18.4,19.1,19.8,0,13.0690660168149,27.6930459958044,0,0,0,0,0,0,0,0,0,0,V12_noChunk,0,0,0,GMT,0,0
GLBABART,2020-02-16 17:05:07,0,0,0,26.4,21.9,18.3,20.9,14.2,14.8,15.6,17.2,16.3,14.4,17.6,14.3,13.7,13.9,13.8,13.7,13.4,13.6,13.4,13.9,14.3,24.8,23.5,17.6,17.9,18.6,18.6,19.2,19.9,0,16.0747690728615,30.6987490518511,0,0,0,0,0,0,0,0,0,0,V12_noChunk,0,0,0,GMT,0,0
GLBABART,2020-02-16 17:05:08,0,0,0,20.1,19.7,19.3,17.4,14.6,14.6,17.6,15,15.6,15.9,15.4,14.3,14,14.4,13.3,12,12.2,12.8,12.9,13.7,14.3,15.3,17,17.3,18,18.3,18.7,19.2,20,0,12.9670457040972,27.5910256830868,0,0,0,0,0,0,0,0,0,0,V12_noChunk,0,0,0,GMT,0,0
GLBABART,2020-02-16 17:05:09,0,0,0,22.2,16.4,16.9,15.3,18,17.4,15.7,14.6,17.2,15.4,15.8,13.9,14.2,12.1,13.2,12.5,12.9,13.3,13.2,13.9,14.5,23.4,23.9,17.2,17.6,18.4,18.6,19.2,19.8,0,15.6466879328577,30.2706679118472,0,0,0,0,0,0,0,0,0,0,V12_noChunk,0,0,0,GMT,0,0
GLBABART,2020-02-16 17:05:10,0,0,0,20.7,17.9,19.3,19.3,13.2,15.4,14.1,14.7,17.6,16.2,18.1,16,15.4,15.7,14.6,14.1,14.9,15.6,15,14,14.8,15.7,16.9,17.4,17.7,18.5,18.4,19,19.9,0,13.5488383268795,28.172818305869,0,0,0,0,0,0,0,0,0,0,V12_noChunk,0,0,0,GMT,0,0
GLBABART,2020-02-16 17:05:11,0,0,0,24,18.9,18.4,16.3,16.9,18.5,16.1,14.7,15.7,16.2,16,14.5,14.6,14.1,14.2,13.2,13.9,17.7,17.8,16.4,15.7,16.1,16.7,17.4,17.8,18.4,18.5,19.1,19.8,0,13.9998585133594,28.623838492349,0,0,0,0,0,0,0,0,0,0,V12_noChunk,0,0,0,GMT,0,0
GLBABART,2020-02-16 17:05:12,0,0,0,23.7,20,16.4,19.2,19.5,17.6,16.7,12.8,16.4,15.3,15.8,14.5,13.9,13.8,13.7,13.2,13.6,15.5,16.9,15.2,15.4,17.6,19.8,17.3,17.7,18.6,18.4,19.1,19.9,0,14.1218554067686,28.7458353857582,0,0,0,0,0,0,0,0,0,0,V12_noChunk,0,0,0,GMT,0,0
GLBABART,2020-02-16 17:05:13,0,0,0,27.1,21.2,20.7,17.8,15.2,16.2,13.5,16.7,16.3,15.2,16.1,15,12.8,13.2,13.9,13.2,13.2,13.8,13.2,13.4,15.1,15.8,17,17.4,18,18.5,18.6,19,19.9,0,13.1531069626756,27.7770869416652,0,0,0,0,0,0,0,0,0,0,V12_noChunk,0,0,0,GMT,0,0
GLBABART,2020-02-16 17:05:14,0,0,0,14.5,12.1,17.5,19.9,15.2,17.3,16.6,15.5,16.9,16.5,16.1,14.7,13.5,14.2,13.4,12.9,13.3,13.5,13.3,14,14.1,21,24.6,17.6,17.7,18.5,18.5,18.8,19.7,0,15.4023896547075,30.0263696336971,0,0,0,0,0,0,0,0,0,0,V12_noChunk,0,0,0,GMT,0,0
GLBABART,2020-02-16 17:05:15,0,0,0,21.4,20.1,19.6,18.1,16.5,16.7,15.2,15.1,14.9,15,17.5,13.4,13.8,13.5,13.9,13.3,13.7,13.5,13.1,13.6,14.8,15.6,17.1,17.2,17.6,18.2,18.4,19.3,19.8,0,13.0573443485487,27.6813243275382,0,0,0,0,0,0,0,0,0,0,V12_noChunk,0,0,0,GMT,0,0
GLBABART,2020-02-16 17:05:16,0,0,0,24.6,20.7,21,18,17.7,13.9,14.9,16.8,17,15.2,15.4,14.1,14.1,14.1,13.9,13.1,13.4,12.6,13.5,13.5,14,15.4,17.2,17.5,17.7,18.2,18.6,19.1,20,0,13.0331529444748,27.6571329234643,0,0,0,0,0,0,0,0,0,0,V12_noChunk,0,0,0,GMT,0,0
GLBABART,2020-02-16 17:05:17,0,0,0,23.1,11.8,20.8,16.5,17.5,17.6,15.3,15.5,16.6,14,16,14.6,14.2,12.8,12.6,13.2,13,13,13.1,13.6,14.3,18.2,21.2,17.4,18,18.7,18.7,19.2,19.8,0,13.9810352297969,28.6050152087864,0,0,0,0,0,0,0,0,0,0,V12_noChunk,0,0,0,GMT,0,0
GLBABART,2020-02-16 17:05:18,0,0,0,23.8,18.2,15.9,14.2,17.9,17.3,19,15.9,15.4,15.1,15.8,14.4,14.2,13.9,13.9,13,13.4,13.5,13.3,12.8,14.9,15.3,16.8,17.4,17.7,18.6,18.5,19.2,20,0,13.0504177398296,27.6743977188192,0,0,0,0,0,0,0,0,0,0,V12_noChunk,0,0,0,GMT,0,0
GLBABART,2020-02-16 17:05:19,0,0,0,24.2,18.5,17,17.4,16.4,16.1,17.3,18.1,16.4,14.9,15.6,15,14.1,13.4,13.9,13.2,12.7,13.1,13,13.9,14.2,19.5,22.7,17.6,17.8,18.3,18.8,19.2,20,0,14.5564081834661,29.1803881624556,0,0,0,0,0,0,0,0,0,0,V12_noChunk,0,0,0,GMT,0,0
GLBABART,2020-02-16 17:05:20,0,0,0,22.6,17.6,20.5,14.8,16.8,12.7,17.1,16.2,17,15.4,15.5,15.7,13.5,14.1,13.6,13.4,13.5,13.6,13.9,13.7,15.1,16.3,17.9,17.4,17.7,18.4,18.5,19.1,19.7,0,13.3250979788802,27.9490779578697,0,0,0,0,0,0,0,0,0,0,V12_noChunk,0,0,0,GMT,0,0
GLBABART,2020-02-16 17:05:21,0,0,0,19.6,22.6,21.4,15.9,16.3,17,15.6,16.4,15.7,16.9,14.9,13.8,14.6,14.3,14.4,13.8,13.9,13.8,14.2,15.8,15.2,18.9,19.5,17.3,17.7,18.4,18.8,18.8,20,0,14.036101821013,28.6600818000026,0,0,0,0,0,0,0,0,0,0,V12_noChunk,0,0,0,GMT,0,0
GLBABART,2020-02-16 17:05:22,0,0,0,20.2,19.5,22.9,17.2,13.5,17,16.8,15.1,17,15.9,16.2,14.8,15,14.9,14.4,14,13.3,13.6,14.2,15.9,15.4,19.3,21.4,17.7,17.6,18.3,18.5,19.1,19.8,0,14.4871598315645,29.111139810554,0,0,0,0,0,0,0,0,0,0,V12_noChunk,0,0,0,GMT,0,0
GLBABART,2020-02-16 17:05:23,0,0,0,22.8,21,19.7,17.1,17.9,14.4,17.5,16,16.5,15,15.8,14.5,13.4,14,14,13.9,13.2,13.1,13.7,13.6,14.3,18.5,20,17.6,17.8,18.4,18.7,19.3,20.1,0,13.8685903678483,28.4925703468379,0,0,0,0,0,0,0,0,0,0,V12_noChunk,0,0,0,GMT,0,0
GLBABART,2020-02-16 17:05:24,0,0,0,25.1,20.8,19.6,16.5,16.7,17.3,15.3,17.3,18.5,16.2,14.9,14.8,13.5,13.5,13.9,13.9,16.1,19,16.7,14.5,16.2,19.8,22.2,17.8,17.9,18.6,18.8,19,19.9,0,15.2467778675305,29.87075784652,0,0,0,0,0,0,0,0,0,0,V12_noChunk,0,0,0,GMT,0,0
GLBABART,2020-02-16 17:05:25,0,0,0,26,19.7,13.4,16.2,13.9,17.4,14.1,17,16.3,15.2,15.7,15.2,14.5,13.9,14.6,13.3,14.1,17.1,15.3,15.5,15.6,21.4,24.2,17.5,17.7,18.3,18.4,19.2,19.8,0,15.6786149260867,30.3025949050762,0,0,0,0,0,0,0,0,0,0,V12_noChunk,0,0,0,GMT,0,0
GLBABART,2020-02-16 17:05:26,0,0,0,22.2,20.3,21.7,16.5,16.7,14,16,15.7,14.7,16.8,16.4,13.6,14,14.8,13.2,12.9,13.7,13.6,13.8,13.9,14.5,16.3,18.9,17.3,18,18.5,18.5,19.1,19.8,0,13.4598828992209,28.0838628782105,0,0,0,0,0,0,0,0,0,0,V12_noChunk,0,0,0,GMT,0,0
GLBABART,2020-02-16 17:05:27,0,0,0,23.8,17.9,18.9,17.5,19,17.5,17.1,18.7,17.2,14.5,17,15.1,14,13.2,12.9,13.2,13.3,13.5,13.6,13.9,14.5,18.6,20.4,17.4,17.7,18.7,18.6,19.3,20,0,13.9560575423444,28.5800375213339,0,0,0,0,0,0,0,0,0,0,V12_noChunk,0,0,0,GMT,0,0
GLBABART,2020-02-16 17:05:28,0,0,0,20.3,23.2,14,17.1,15.3,15.4,16.8,15.6,13.9,14.2,16.9,14.6,14.1,13.2,13,13,12.4,12.8,13.2,14,15.2,21,23.1,18,18.1,18.6,18.6,18.9,20,0,15.001482229478,29.6254622084675,0,0,0,0,0,0,0,0,0,0,V12_noChunk,0,0,0,GMT,0,0
GLBABART,2020-02-16 17:05:29,0,0,0,20.6,19.1,14.9,16.3,18,16.1,17.8,16.6,14.9,16.2,16.3,13.7,14,13.7,13.8,13.2,13.4,13.8,13.3,13.6,14.7,18,18.2,17,17.8,18.7,18.4,19,19.9,0,13.481465465978,28.1054454449675,0,0,0,0,0,0,0,0,0,0,V12_noChunk,0,0,0,GMT,0,0
GLBABART,2020-02-16 17:05:30,0,0,0,23.7,19.7,20.8,15.6,18.2,17,15.7,16.1,16.1,15.7,15.8,15,13.2,13.2,13.2,12.7,13.1,12.6,13.5,13.8,14.9,17.1,18.9,17.3,17.9,18.4,18.6,19,19.8,0,13.4355239669011,28.0595039458906,0,0,0,0,0,0,0,0,0,0,V12_noChunk,0,0,0,GMT,0,0
GLBABART,2020-02-16 17:05:31,0,0,0,23.9,18.1,20.2,16.8,18.4,15.8,16.5,15.9,16.1,16.1,16.7,15.5,13.4,13.5,13.6,13,12.4,13.2,14,13.7,14.5,17.8,18.7,17.5,18,18.3,18.5,19,20,0,13.5480402244864,28.172020203476,0,0,0,0,0,0,0,0,0,0,V12_noChunk,0,0,0,GMT,0,0
GLBABART,2020-02-16 17:05:32,0,0,0,25,16.6,22.3,14.9,16.7,16.5,16.6,15.5,15.6,14.7,15.9,15.1,13.5,13.7,12.7,14,13,13.5,13.5,13.9,14.8,17.2,18.9,18.1,18,18.2,18.9,19.3,19.9,0,13.6102748656174,28.2342548446069,0,0,0,0,0,0,0,0,0,0,V12_noChunk,0,0,0,GMT,0,0
GLBABART,2020-02-16 17:05:33,0,0,0,21.8,20.5,17,20.3,18.6,16.8,16.6,15.4,15.8,15.9,15.6,14.6,13.5,13.8,12.8,12.7,13.5,13.2,13.2,13.6,14.6,16.4,18.3,17.3,18,18.5,18.6,19.2,20,0,13.3046327595127,27.9286127385023,0,0,0,0,0,0,0,0,0,0,V12_noChunk,0,0,0,GMT,0,0
GLBABART,2020-02-16 17:05:34,0,0,0,21.6,23.6,21.3,14.5,16.5,18.1,16.2,16.5,14.4,13.5,15.8,14.1,13.5,13.9,13.1,13,13.2,13.3,13.5,14.7,14.5,16.5,18,17.1,18,18.4,18.7,19.2,19.8,0,13.3000611465848,27.9240411255743,0,0,0,0,0,0,0,0,0,0,V12_noChunk,0,0,0,GMT,0,0
GLBABART,2020-02-16 17:05:35,0,0,0,23.3,19.3,20.2,15,17.1,17.4,16.2,17.4,18,15,15.7,14.6,14.3,13.4,12.9,13.3,13.4,12.3,13,14,14.8,16.2,16.8,17.6,17.6,18.4,18.4,19.3,19.8,0,13.0784473345398,27.7024273135293,0,0,0,0,0,0,0,0,0,0,V12_noChunk,0,0,0,GMT,0,0
GLBABART,2020-02-16 17:05:36,0,0,0,26.5,18.6,18,17.4,14,17.6,15.9,15.4,16.3,16,14.2,15,14.3,15.1,14.8,16.6,14.8,13.6,14,14.1,14.6,16.1,17.3,17.3,17.6,18.5,18.6,19,19.9,0,13.4845868846399,28.1085668636295,0,0,0,0,0,0,0,0,0,0,V12_noChunk,0,0,0,GMT,0,0
GLBABART,2020-02-16 17:05:37,0,0,0,21.5,16.2,19.5,15.7,16.8,16.5,16.8,17.3,14.4,14.9,15.2,14.5,14.1,14.8,13.7,13.8,14,14,12.7,13.8,14.4,16.1,17.2,17.2,17.9,18.3,18.8,19.1,20.1,0,13.223968568166,27.8479485471556,0,0,0,0,0,0,0,0,0,0,V12_noChunk,0,0,0,GMT,0,0
GLBABART,2020-02-16 17:05:38,0,0,0,21,20.4,19.9,17.5,16,14.5,15.5,16.1,16,17,15.6,15,14.5,13.7,13.6,13.1,13.2,13.4,13.2,13.5,14.8,15.9,16.5,17.4,17.6,18.2,18.7,19,19.9,0,13.0391948319628,27.6631748109524,0,0,0,0,0,0,0,0,0,0,V12_noChunk,0,0,0,GMT,0,0
GLBABART,2020-02-16 17:05:39,0,0,0,20.9,18.9,21.3,20.1,16.9,17.6,16.6,16.2,16.4,16.8,16.2,15.8,15.8,16.9,15.3,15.7,17.2,14.6,14.5,14.2,14.8,15.6,16.7,17.5,17.9,18.4,18.6,19.2,19.9,0,13.7239574034821,28.3479373824717,0,0,0,0,0,0,0,0,0,0,V12_noChunk,0,0,0,GMT,0,0
GLBABART,2020-02-16 17:05:40,0,0,0,23.8,19.6,21.8,17.9,16.2,16.8,15.7,18.6,15.8,16.3,15.6,13.7,13,14.8,14.1,12.6,15.1,17.8,19.4,16,17.5,16.1,17,17.4,17.8,18.3,18.6,19.1,20,0,14.3662570033469,28.9902369823364,0,0,0,0,0,0,0,0,0,0,V12_noChunk,0,0,0,GMT,0,0
GLBABART,2020-02-16 17:05:41,0,0,0,21,21.5,16.2,18.7,14.2,16.5,16.8,16.6,16.5,14.9,16.6,14.3,13.7,14.7,14.5,13.3,14.6,16,16.5,15,15.6,15.8,16.7,17.2,17.7,18.4,18.5,19.2,19.9,0,13.6373852634624,28.261365242452,0,0,0,0,0,0,0,0,0,0,V12_noChunk,0,0,0,GMT,0,0
GLBABART,2020-02-16 17:05:42,0,0,0,18.9,23,19.6,14.1,16.9,15.2,15.6,15.3,13.1,14.7,14.9,14.6,13.7,13.7,13.2,13.2,13.8,14.1,14.1,14.1,14.6,16.1,17.1,17.2,17.8,18.4,18.6,19.1,20,0,13.1946954385371,27.8186754175266,0,0,0,0,0,0,0,0,0,0,V12_noChunk,0,0,0,GMT,0,0
GLBABART,2020-02-16 17:05:43,0,0,0,22.6,20.8,21.8,18.2,18.1,17.4,17.1,16.1,14.4,16.4,16.4,15.4,13.7,15.3,14.9,13.6,13.2,13.6,13.1,13.9,14.8,15.5,17,17.1,17.7,18.7,18.7,19,19.9,0,13.2068660827627,27.8308460617522,0,0,0,0,0,0,0,0,0,0,V12_noChunk,0,0,0,GMT,0,0
GLBABART,2020-02-16 17:05:44,0,0,0,20.7,19.9,16,19,16.5,16.3,14.8,14.6,16.4,16.1,16.4,14.4,14.6,13.2,13.4,12.9,13.8,13.7,13.6,13.8,14.2,15.3,16.9,17.5,17.6,18.5,18.6,19,19.8,0,13.0680829234829,27.6920629024725,0,0,0,0,0,0,0,0,0,0,V12_noChunk,0,0,0,GMT,0,0
GLBABART,2020-02-16 17:05:45,0,0,0,18.9,19.9,16.4,22.4,14.6,15.5,14.9,15.6,15.8,14.1,15,14.4,14,14.4,15.7,13,13.5,13.8,13.8,13.9,15.1,15.7,16.9,17.5,17.8,18.4,18.7,18.8,20,0,13.2418594132758,27.8658393922654,0,0,0,0,0,0,0,0,0,0,V12_noChunk,0,0,0,GMT,0,0
GLBABART,2020-02-16 17:05:46,0,0,0,22,20.6,20.6,20.1,18.2,15,16,15.6,14.8,15.1,14.7,15.3,14.2,13.7,14,12.8,14,14.2,13.3,14,14.8,17,21.9,18.3,19,20,19.5,19,19.8,0,14.5062314949865,29.1302114739761,0,0,0,0,0,0,0,0,0,0,V12_noChunk,0,0,0,GMT,0,0
GLBABART,2020-02-16 17:05:47,0,0,0,21.9,21.9,21.5,19.7,16.2,15,17.1,13.6,15.9,15.3,15.7,13.8,14.4,14.1,12.8,13.2,16,14.9,13.7,13.9,15.8,21.7,27.6,21.9,21.3,20,19.1,19,19.7,0,17.5730754829013,32.1970554618908,0,0,0,0,0,0,0,0,0,0,V12_noChunk,0,0,0,GMT,0,0
GLBABART,2020-02-16 17:05:48,0,0,0,18.2,22.9,21.3,18.1,15.7,15.2,15.9,16,15.1,14.1,15.2,15.1,14,13.5,12.7,12.6,17.2,14.6,13.8,14.1,16.1,28.5,34,22.3,20.5,19.6,19.1,19,19.9,0,22.2101881401704,36.83416811916,0,0,0,0,0,0,0,0,0,0,V12_noChunk,0,0,0,GMT,0,0
GLBABART,2020-02-16 17:05:49,0,0,0,24,20,20.6,19.2,15.6,16.7,15.5,16,13.9,16.2,15.6,13.7,13.8,14.4,14.2,13.4,14.8,13.4,13.1,14.4,15.3,29.3,34.8,22.2,19.5,19.3,18.7,19.2,19.8,0,22.8423971663948,37.4663771453843,0,0,0,0,0,0,0,0,0,0,V12_noChunk,0,0,0,GMT,0,0
GLBABART,2020-02-16 17:05:50,0,0,0,20.5,21.1,18,14.2,14.8,14.1,16.1,16.4,15.4,16.6,16.3,15.6,12.7,12.7,13.3,13.6,13.2,13.6,13.3,13.6,14.3,16.5,18.2,17,17.9,18.5,18.7,19.2,19.8,0,13.2850258116242,27.9090057906137,0,0,0,0,0,0,0,0,0,0,V12_noChunk,0,0,0,GMT,0,0
GLBABART,2020-02-16 17:05:51,0,0,0,21.7,19.7,19.3,19.8,16.3,16.5,14.6,16.8,17.9,15,15.1,15.2,14.2,13.8,13.4,13.2,13.4,14.2,13.9,13.9,14.6,15.7,16.5,17.4,17.5,18.5,18.7,19,19.7,0,13.1008615668422,27.7248415458318,0,0,0,0,0,0,0,0,0,0,V12_noChunk,0,0,0,GMT,0,0
GLBABART,2020-02-16 17:05:52,0,0,0,14.2,22.8,16.4,15.5,18.2,17.9,16.7,16.4,18.6,15.8,15.3,14,13.8,14,13.7,12.9,13.8,13.4,13.1,14,14.4,15.1,16.3,17.4,17.6,18.3,18.6,19,19.9,0,12.959406449627,27.5833864286166,0,0,0,0,0,0,0,0,0,0,V12_noChunk,0,0,0,GMT,0,0
GLBABART,2020-02-16 17:05:53,0,0,0,22.2,21.7,18.3,18.2,17.8,17.7,14.8,15.1,17.4,16.6,16,15.2,13.9,13.1,13.7,12.7,13.1,13.2,13.7,13.9,15.1,30.2,36.1,19.7,17.8,18.4,18.4,19.1,19.9,0,23.8602591194678,38.4842390984574,0,0,0,0,0,0,0,0,0,0,V12_noChunk,0,0,0,GMT,0,0
GLBABART,2020-02-16 17:05:52,0,0,0,23,18.7,16.9,20.2,16.6,15.5,15.6,16.7,16.6,15.5,15.1,15.3,14.2,13.3,14.7,13.7,16.8,17.2,19.2,16.4,17.1,16.2,17.4,17.2,17.9,18.4,18.3,19.2,20.1,0,14.4349467697961,29.0589267487857,0,0,0,0,0,0,0,0,0,0,V12_noChunk,0,0,0,GMT,0,0
GLBABART,2020-02-16 17:05:53,0,0,0,21.8,23.2,17.2,17.2,16.8,13.8,14.9,15.5,15.4,16.5,15.5,16.4,14,14.2,13.5,13,13.8,13.1,13,13.7,14.9,19.3,23,17.2,17.8,18.4,18.5,19.2,19.8,0,14.6289866625007,29.2529666414902,0,0,0,0,0,0,0,0,0,0,V12_noChunk,0,0,0,GMT,0,0
GLBABART,2020-02-16 17:05:54,0,0,0,21.6,21.7,14.9,19.7,14.7,16.5,18.4,16.9,14.7,16,15.7,15.1,12.2,13.5,13.9,13,12.7,12.4,12.6,13.8,14.1,21.9,29.5,17.5,17.9,18.6,18.5,18.9,20,0,17.8795205542519,32.5035005332415,0,0,0,0,0,0,0,0,0,0,V12_noChunk,0,0,0,GMT,0,0
GLBABART,2020-02-16 17:05:55,0,0,0,20.7,22.3,17,18.8,17.2,16.5,17.9,15.7,16.5,17.7,15.1,14.9,13.1,14,13.8,13.2,13.8,13.2,13.6,14,15.2,31.4,38.1,20.8,17.9,18.7,18.8,19.1,19.9,0,25.5801595411521,40.2041395201417,0,0,0,0,0,0,0,0,0,0,V12_noChunk,0,0,0,GMT,0,0
GLBABART,2020-02-16 17:05:56,0,0,0,21.2,21,19.5,16.6,16.8,16.5,15.9,17.6,15.2,16,16.7,14.7,13.8,13.6,12.8,13.5,13.5,13.3,12.9,13.7,14.5,18.7,22.1,17.7,17.8,18.5,18.5,19.1,19.9,0,14.3284102388065,28.952390217796,0,0,0,0,0,0,0,0,0,0,V12_noChunk,0,0,0,GMT,0,0
GLBABART,2020-02-16 17:05:57,0,0,0,19.8,21.2,21.5,18.5,16.9,18.1,16.5,15.3,15.7,17.2,16.2,15.1,14.4,15,14.9,13.2,13,13.2,13,13.6,14.6,26.5,32.1,17.9,17.9,18.4,18.7,19,19.8,0,20.3088277504378,34.9328077294274,0,0,0,0,0,0,0,0,0,0,V12_noChunk,0,0,0,GMT,0,0
GLBABART,2020-02-16 17:05:58,0,0,0,22.4,17.6,16,17.8,17.1,15,16.8,14.5,16.3,17,16.7,15.2,13.2,13.7,13.4,14,13.6,12.4,13.2,14,14.9,15.5,16.5,17.2,17.5,18.5,18.7,19,20.1,0,13.0465845736616,27.6705645526512,0,0,0,0,0,0,0,0,0,0,V12_noChunk,0,0,0,GMT,0,0
